e0070000248a2dac	(0.2 0.17320508)	(0,0)
e0070000248a2e82	(0.4 0.17320508)	(1,0)
e0070000248a2e7f	(0.6 0.17320508)	(2,0)
e0070000248a2ed5	(0.8 0.17320508)	(3,0)
e0070000248a2edd	(1.0 0.17320508)	(4,0)
e0070000248a2ede	(1.2 0.17320508)	(5,0)
e0070000248a2ed4	(1.4 0.17320508)	(6,0)
e0070000248a2fe8	(1.6 0.17320508)	(7,0)
e0070000248a3039	(1.8 0.17320508)	(8,0)
e0070000248a3042	(2.0 0.17320508)	(9,0)
e0070000248a303f	(2.2 0.17320508)	(10,0)
e0070000248a3040	(2.4 0.17320508)	(11,0)
e0070000248a303a	(2.6 0.17320508)	(12,0)
e0070000248a303b	(2.8 0.17320508)	(13,0)
e0070000248a303c	(3.0 0.17320508)	(14,0)
e0070000248a303d	(3.2 0.17320508)	(15,0)
e0070000248a303e	(3.4 0.17320508)	(16,0)
e0070000248a2fde	(3.6 0.17320508)	(17,0)
e0070000248a2fdf	(3.8 0.17320508)	(18,0)
e0070000248a2ffa	(4.0 0.17320508)	(19,0)
e0070000248a3041	(4.2 0.17320508)	(20,0)
e0070000248a2fe0	(4.4 0.17320508)	(21,0)
e0070000248a2fee	(4.6 0.17320508)	(22,0)
e0070000248a300b	(4.8 0.17320508)	(23,0)
e0070000248a2ff0	(5.0 0.17320508)	(24,0)
e0070000248a2ff3	(5.2 0.17320508)	(25,0)
e0070000248a2fe1	(5.4 0.17320508)	(26,0)
e0070000248a3016	(5.6 0.17320508)	(27,0)
e0070000248a3038	(5.8 0.17320508)	(28,0)
e0070000248a3043	(0.1 0.34641016)	(0,1)
e0070000248a2fe2	(0.3 0.34641016)	(1,1)
e0070000248a3021	(0.5 0.34641016)	(2,1)
e0070000248a3044	(0.7 0.34641016)	(3,1)
e0070000248a3045	(0.9 0.34641016)	(4,1)
e0070000248a3046	(1.1 0.34641016)	(5,1)
e0070000248a2fe5	(1.3 0.34641016)	(6,1)
e0070000248a2fe7	(1.5 0.34641016)	(7,1)
e0070000248a2fe6	(1.7 0.34641016)	(8,1)
e0070000248a2fea	(1.9 0.34641016)	(9,1)
e0070000248a2feb	(2.1 0.34641016)	(10,1)
e0070000248a2fec	(2.3 0.34641016)	(11,1)
e0070000248a2fe9	(2.5 0.34641016)	(12,1)
e0070000248a2f35	(2.7 0.34641016)	(13,1)
e0070000248a2fe4	(2.9 0.34641016)	(14,1)
e0070000248a2fef	(3.1 0.34641016)	(15,1)
e0070000248a2ff1	(3.3 0.34641016)	(16,1)
e0070000248a2ff2	(3.5 0.34641016)	(17,1)
e0070000248a2ff4	(3.7 0.34641016)	(18,1)
e0070000248a2fed	(3.9 0.34641016)	(19,1)
e0070000248a2e23	(4.1 0.34641016)	(20,1)
e0070000248a3048	(4.3 0.34641016)	(21,1)
e0070000248a2ff7	(4.5 0.34641016)	(22,1)
e0070000248a2ff6	(4.7 0.34641016)	(23,1)
e0070000248a2ff5	(4.9 0.34641016)	(24,1)
e0070000248a3049	(5.1 0.34641016)	(25,1)
e0070000248a304a	(5.3 0.34641016)	(26,1)
e0070000248a304e	(5.5 0.34641016)	(27,1)
e0070000248a304b	(5.7 0.34641016)	(28,1)
e0070000248a304c	(5.9 0.34641016)	(29,1)
e0070000248a3052	(0.2 0.51961523)	(0,2)
e0070000248a304f	(0.4 0.51961523)	(1,2)
e0070000248a304d	(0.6 0.51961523)	(2,2)
e0070000248a3051	(0.8 0.51961523)	(3,2)
e0070000248a2ff8	(1.0 0.51961523)	(4,2)
e0070000248a2ff9	(1.2 0.51961523)	(5,2)
e0070000248a2ffb	(1.4 0.51961523)	(6,2)
e0070000248a2ffc	(1.6 0.51961523)	(7,2)
e0070000248a2ffd	(1.8 0.51961523)	(8,2)
e0070000248a2ffe	(2.0 0.51961523)	(9,2)
e0070000248a2fff	(2.2 0.51961523)	(10,2)
e0070000248a3000	(2.4 0.51961523)	(11,2)
e0070000248a3001	(2.6 0.51961523)	(12,2)
e0070000248a3002	(2.8 0.51961523)	(13,2)
e0070000248a3003	(3.0 0.51961523)	(14,2)
e0070000248a3004	(3.2 0.51961523)	(15,2)
e0070000248a3005	(3.4 0.51961523)	(16,2)
e0070000248a3006	(3.6 0.51961523)	(17,2)
e0070000248a3007	(3.8 0.51961523)	(18,2)
e0070000248a3009	(4.0 0.51961523)	(19,2)
e0070000248a300a	(4.2 0.51961523)	(20,2)
e0070000248a300c	(4.4 0.51961523)	(21,2)
e0070000248a300d	(4.6 0.51961523)	(22,2)
e0070000248a300e	(4.8 0.51961523)	(23,2)
e0070000248a300f	(5.0 0.51961523)	(24,2)
e0070000248a3010	(5.2 0.51961523)	(25,2)
e0070000248a3011	(5.4 0.51961523)	(26,2)
e0070000248a3012	(5.6 0.51961523)	(27,2)
e0070000248a3013	(5.8 0.51961523)	(28,2)
e0070000248a3014	(0.1 0.6928203)	(0,3)
e0070000248a3015	(0.3 0.6928203)	(1,3)
e0070000248a3017	(0.5 0.6928203)	(2,3)
e0070000248a3018	(0.7 0.6928203)	(3,3)
e0070000248a3019	(0.9 0.6928203)	(4,3)
e0070000248a301a	(1.1 0.6928203)	(5,3)
e0070000248a301b	(1.3 0.6928203)	(6,3)
e0070000248a301c	(1.5 0.6928203)	(7,3)
e0070000248a301d	(1.7 0.6928203)	(8,3)
e0070000248a301e	(1.9 0.6928203)	(9,3)
e0070000248a301f	(2.1 0.6928203)	(10,3)
e0070000248a3020	(2.3 0.6928203)	(11,3)
e0070000248a3023	(2.5 0.6928203)	(12,3)
e0070000248a2fe3	(2.7 0.6928203)	(13,3)
e0070000248a3022	(2.9 0.6928203)	(14,3)
e0070000248a3024	(3.1 0.6928203)	(15,3)
e0070000248a3025	(3.3 0.6928203)	(16,3)
e0070000248a3026	(3.5 0.6928203)	(17,3)
e0070000248a3027	(3.7 0.6928203)	(18,3)
e0070000248a3029	(3.9 0.6928203)	(19,3)
e0070000248a3028	(4.1 0.6928203)	(20,3)
e0070000248a302a	(4.3 0.6928203)	(21,3)
e0070000248a302b	(4.5 0.6928203)	(22,3)
e0070000248a3008	(4.7 0.6928203)	(23,3)
e0070000248a302c	(4.9 0.6928203)	(24,3)
e0070000248a302d	(5.1 0.6928203)	(25,3)
e0070000248a3064	(5.3 0.6928203)	(26,3)
e0070000248a3065	(5.5 0.6928203)	(27,3)
e0070000248a3066	(5.7 0.6928203)	(28,3)
e0070000248a3068	(5.9 0.6928203)	(29,3)
e0070000248a3060	(0.2 0.8660254)	(0,4)
e0070000248a3063	(0.4 0.8660254)	(1,4)
e0070000248a3067	(0.6 0.8660254)	(2,4)
e0070000248a3069	(0.8 0.8660254)	(3,4)
e0070000248a306a	(1.0 0.8660254)	(4,4)
e0070000248a306c	(1.2 0.8660254)	(5,4)
e0070000248a306e	(1.4 0.8660254)	(6,4)
e0070000248a306f	(1.6 0.8660254)	(7,4)
e0070000248a3070	(1.8 0.8660254)	(8,4)
e0070000248a3072	(2.0 0.8660254)	(9,4)
e0070000248a3071	(2.2 0.8660254)	(10,4)
e0070000248a3073	(2.4 0.8660254)	(11,4)
e0070000248a3074	(2.6 0.8660254)	(12,4)
e0070000248a302e	(2.8 0.8660254)	(13,4)
e0070000248a3031	(3.0 0.8660254)	(14,4)
e0070000248a3033	(3.2 0.8660254)	(15,4)
e0070000248a3036	(3.4 0.8660254)	(16,4)
e0070000248a3035	(3.6 0.8660254)	(17,4)
e0070000248a3034	(3.8 0.8660254)	(18,4)
e0070000248a3032	(4.0 0.8660254)	(19,4)
e0070000248a3037	(4.2 0.8660254)	(20,4)
e0070000248a302f	(4.4 0.8660254)	(21,4)
e0070000248a3030	(4.6 0.8660254)	(22,4)
e0070000248a305f	(4.8 0.8660254)	(23,4)
e0070000248a305e	(5.0 0.8660254)	(24,4)
e0070000248a3054	(5.2 0.8660254)	(25,4)
e0070000248a306d	(5.4 0.8660254)	(26,4)
e0070000248a306b	(5.6 0.8660254)	(27,4)
e0070000248a3085	(5.8 0.8660254)	(28,4)
e0070000248a307a	(0.1 1.0392305)	(0,5)
e0070000248a3075	(0.3 1.0392305)	(1,5)
e0070000248a307e	(0.5 1.0392305)	(2,5)
e0070000248a3076	(0.7 1.0392305)	(3,5)
e0070000248a3077	(0.9 1.0392305)	(4,5)
e0070000248a3078	(1.1 1.0392305)	(5,5)
e0070000248a3079	(1.3 1.0392305)	(6,5)
e0070000248a307b	(1.5 1.0392305)	(7,5)
e0070000248a307c	(1.7 1.0392305)	(8,5)
e0070000248a307d	(1.9 1.0392305)	(9,5)
e0070000248a307f	(2.1 1.0392305)	(10,5)
e0070000248a3080	(2.3 1.0392305)	(11,5)
e0070000248a3081	(2.5 1.0392305)	(12,5)
e0070000248a3082	(2.7 1.0392305)	(13,5)
e0070000248a3083	(2.9 1.0392305)	(14,5)
e0070000248a3084	(3.1 1.0392305)	(15,5)
e0070000248a3086	(3.3 1.0392305)	(16,5)
e0070000248a3088	(3.5 1.0392305)	(17,5)
e0070000248a3087	(3.7 1.0392305)	(18,5)
e0070000248a3089	(3.9 1.0392305)	(19,5)
e0070000248a308e	(4.1 1.0392305)	(20,5)
e0070000248a3097	(4.3 1.0392305)	(21,5)
e0070000248a3098	(4.5 1.0392305)	(22,5)
e0070000248a308f	(4.7 1.0392305)	(23,5)
e0070000248a3091	(4.9 1.0392305)	(24,5)
e0070000248a3092	(5.1 1.0392305)	(25,5)
e0070000248a3099	(5.3 1.0392305)	(26,5)
e0070000248a309a	(5.5 1.0392305)	(27,5)
e0070000248a309b	(5.7 1.0392305)	(28,5)
e0070000248a309c	(5.9 1.0392305)	(29,5)
e0070000248a30dc	(0.2 1.2124356)	(0,6)
e0070000248a30d7	(0.4 1.2124356)	(1,6)
e0070000248a30a5	(0.6 1.2124356)	(2,6)
e0070000248a309f	(0.8 1.2124356)	(3,6)
e0070000248a309e	(1.0 1.2124356)	(4,6)
e0070000248a30a2	(1.2 1.2124356)	(5,6)
e0070000248a30a3	(1.4 1.2124356)	(6,6)
e0070000248a308a	(1.6 1.2124356)	(7,6)
e0070000248a309d	(1.8 1.2124356)	(8,6)
e0070000248a30a0	(2.0 1.2124356)	(9,6)
e0070000248a30a1	(2.2 1.2124356)	(10,6)
e0070000248a30dd	(2.4 1.2124356)	(11,6)
e0070000248a3061	(2.6 1.2124356)	(12,6)
e0070000248a305d	(2.8 1.2124356)	(13,6)
e0070000248a3053	(3.0 1.2124356)	(14,6)
e0070000248a3055	(3.2 1.2124356)	(15,6)
e0070000248a3056	(3.4 1.2124356)	(16,6)
e0070000248a3057	(3.6 1.2124356)	(17,6)
e0070000248a3058	(3.8 1.2124356)	(18,6)
e0070000248a3059	(4.0 1.2124356)	(19,6)
e0070000248a305a	(4.2 1.2124356)	(20,6)
e0070000248a305b	(4.4 1.2124356)	(21,6)
e0070000248a305c	(4.6 1.2124356)	(22,6)
e0070000248a30a4	(4.8 1.2124356)	(23,6)
e0070000248a30a7	(5.0 1.2124356)	(24,6)
e0070000248a30a6	(5.2 1.2124356)	(25,6)
e0070000248a30a8	(5.4 1.2124356)	(26,6)
e0070000248a30a9	(5.6 1.2124356)	(27,6)
e0070000248a30aa	(5.8 1.2124356)	(28,6)
e0070000248a30b0	(0.1 1.3856407)	(0,7)
e0070000248a30ab	(0.3 1.3856407)	(1,7)
e0070000248a30ac	(0.5 1.3856407)	(2,7)
e0070000248a30ae	(0.7 1.3856407)	(3,7)
e0070000248a30af	(0.9 1.3856407)	(4,7)
e0070000248a30ca	(1.1 1.3856407)	(5,7)
e0070000248a30cc	(1.3 1.3856407)	(6,7)
e0070000248a30d0	(1.5 1.3856407)	(7,7)
e0070000248a30eb	(1.7 1.3856407)	(8,7)
e0070000248a30d4	(1.9 1.3856407)	(9,7)
e0070000248a308b	(2.1 1.3856407)	(10,7)
e0070000248a30b3	(2.3 1.3856407)	(11,7)
e0070000248a308c	(2.5 1.3856407)	(12,7)
e0070000248a30ad	(2.7 1.3856407)	(13,7)
e0070000248a30d2	(2.9 1.3856407)	(14,7)
e0070000248a30da	(3.1 1.3856407)	(15,7)
e0070000248a3062	(3.3 1.3856407)	(16,7)
e0070000248a30b5	(3.5 1.3856407)	(17,7)
e0070000248a30b1	(3.7 1.3856407)	(18,7)
e0070000248a30b4	(3.9 1.3856407)	(19,7)
e0070000248a30b6	(4.1 1.3856407)	(20,7)
e0070000248a30b2	(4.3 1.3856407)	(21,7)
e0070000248a30b7	(4.5 1.3856407)	(22,7)
e0070000248a30b8	(4.7 1.3856407)	(23,7)
e0070000248a30b9	(4.9 1.3856407)	(24,7)
e0070000248a30ba	(5.1 1.3856407)	(25,7)
e0070000248a30bd	(5.3 1.3856407)	(26,7)
e0070000248a30bb	(5.5 1.3856407)	(27,7)
e0070000248a30bc	(5.7 1.3856407)	(28,7)
e0070000248a30be	(5.9 1.3856407)	(29,7)
e0070000248a30bf	(0.2 1.5588459)	(0,8)
e0070000248a30c0	(0.4 1.5588459)	(1,8)
e0070000248a30c1	(0.6 1.5588459)	(2,8)
e0070000248a30d8	(0.8 1.5588459)	(3,8)
e0070000248a30d9	(1.0 1.5588459)	(4,8)
e0070000248a308d	(1.2 1.5588459)	(5,8)
e0070000248a3090	(1.4 1.5588459)	(6,8)
e0070000248a3095	(1.6 1.5588459)	(7,8)
e0070000248a30d1	(1.8 1.5588459)	(8,8)
e0070000248a30c2	(2.0 1.5588459)	(9,8)
e0070000248a30c3	(2.2 1.5588459)	(10,8)
e0070000248a30c4	(2.4 1.5588459)	(11,8)
e0070000248a30d5	(2.6 1.5588459)	(12,8)
e0070000248a30c5	(2.8 1.5588459)	(13,8)
e0070000248a30c6	(3.0 1.5588459)	(14,8)
e0070000248a30cb	(3.2 1.5588459)	(15,8)
e0070000248a30d6	(3.4 1.5588459)	(16,8)
e0070000248a30c7	(3.6 1.5588459)	(17,8)
e0070000248a30c8	(3.8 1.5588459)	(18,8)
e0070000248a30c9	(4.0 1.5588459)	(19,8)
e0070000248a30cd	(4.2 1.5588459)	(20,8)
e0070000248a30d3	(4.4 1.5588459)	(21,8)
e0070000248a30db	(4.6 1.5588459)	(22,8)
e0070000248a30cf	(4.8 1.5588459)	(23,8)
e0070000248a30de	(5.0 1.5588459)	(24,8)
e0070000248a30e1	(5.2 1.5588459)	(25,8)
e0070000248a2d91	(5.4 1.5588459)	(26,8)
e0070000248a30df	(5.6 1.5588459)	(27,8)
e0070000248a2e48	(5.8 1.5588459)	(28,8)
e0070000248a30ce	(0.1 1.7320509)	(0,9)
e0070000248a3050	(0.3 1.7320509)	(1,9)
e0070000248a30e0	(0.5 1.7320509)	(2,9)
e0070000248a30e3	(0.7 1.7320509)	(3,9)
e0070000248a30e4	(0.9 1.7320509)	(4,9)
e0070000248a30e5	(1.1 1.7320509)	(5,9)
e0070000248a2ea1	(1.3 1.7320509)	(6,9)
e0070000248a2d9c	(1.5 1.7320509)	(7,9)
e0070000248a2da1	(1.7 1.7320509)	(8,9)
e0070000248a30f2	(1.9 1.7320509)	(9,9)
e0070000248a2d98	(2.1 1.7320509)	(10,9)
e0070000248a2db0	(2.3 1.7320509)	(11,9)
e0070000248a2db1	(2.5 1.7320509)	(12,9)
e0070000248a2dbc	(2.7 1.7320509)	(13,9)
e0070000248a30e6	(2.9 1.7320509)	(14,9)
e0070000248a2db2	(3.1 1.7320509)	(15,9)
e0070000248a30e2	(3.3 1.7320509)	(16,9)
e0070000248a30e9	(3.5 1.7320509)	(17,9)
e0070000248a30ea	(3.7 1.7320509)	(18,9)
e0070000248a30ef	(3.9 1.7320509)	(19,9)
e0070000248a30e7	(4.1 1.7320509)	(20,9)
e0070000248a30fa	(4.3 1.7320509)	(21,9)
e0070000248a2d8e	(4.5 1.7320509)	(22,9)
e0070000248a2f24	(4.7 1.7320509)	(23,9)
e0070000248a30e8	(4.9 1.7320509)	(24,9)
e0070000248a2edf	(5.1 1.7320509)	(25,9)
e0070000248a3093	(5.3 1.7320509)	(26,9)
e0070000248a3094	(5.5 1.7320509)	(27,9)
e0070000248a30f4	(5.7 1.7320509)	(28,9)
e0070000248a2dc1	(5.9 1.7320509)	(29,9)
e0070000248a2da5	(0.2 1.905256)	(0,10)
e0070000248a2dbb	(0.4 1.905256)	(1,10)
e0070000248a2f25	(0.6 1.905256)	(2,10)
e0070000248a2ecf	(0.8 1.905256)	(3,10)
e0070000248a2f32	(1.0 1.905256)	(4,10)
e0070000248a2f36	(1.2 1.905256)	(5,10)
e0070000248a2f20	(1.4 1.905256)	(6,10)
e0070000248a2f13	(1.6 1.905256)	(7,10)
e0070000248a2f27	(1.8 1.905256)	(8,10)
e0070000248a2f22	(2.0 1.905256)	(9,10)
e0070000248a2f38	(2.2 1.905256)	(10,10)
e0070000248a2f39	(2.4 1.905256)	(11,10)
e0070000248a2f1f	(2.6 1.905256)	(12,10)
e0070000248a30fe	(2.8 1.905256)	(13,10)
e0070000248a2e29	(3.0 1.905256)	(14,10)
e0070000248a30fb	(3.2 1.905256)	(15,10)
e0070000248a30fc	(3.4 1.905256)	(16,10)
e0070000248a2f2e	(3.6 1.905256)	(17,10)
e0070000248a2f23	(3.8 1.905256)	(18,10)
e0070000248a2efd	(4.0 1.905256)	(19,10)
e0070000248a30fd	(4.2 1.905256)	(20,10)
e0070000248a2f3d	(4.4 1.905256)	(21,10)
e0070000248a30f6	(4.6 1.905256)	(22,10)
e0070000248a2f31	(4.8 1.905256)	(23,10)
e0070000248a2ee2	(5.0 1.905256)	(24,10)
e0070000248a2ef2	(5.2 1.905256)	(25,10)
e0070000248a2ef1	(5.4 1.905256)	(26,10)
e0070000248a2ee0	(5.6 1.905256)	(27,10)
e0070000248a2ed0	(5.8 1.905256)	(28,10)
e0070000248a2ee3	(0.1 2.0784612)	(0,11)
e0070000248a30f9	(0.3 2.0784612)	(1,11)
e0070000248a30f3	(0.5 2.0784612)	(2,11)
e0070000248a30f5	(0.7 2.0784612)	(3,11)
e0070000248a30f1	(0.9 2.0784612)	(4,11)
e0070000248a2e89	(1.1 2.0784612)	(5,11)
e0070000248a2ecd	(1.3 2.0784612)	(6,11)
e0070000248a2ed3	(1.5 2.0784612)	(7,11)
e0070000248a2ed9	(1.7 2.0784612)	(8,11)
e0070000248a2e90	(1.9 2.0784612)	(9,11)
e0070000248a30ff	(2.1 2.0784612)	(10,11)
e0070000248a2f33	(2.3 2.0784612)	(11,11)
e0070000248a30ec	(2.5 2.0784612)	(12,11)
e0070000248a30f7	(2.7 2.0784612)	(13,11)
e0070000248a30f0	(2.9 2.0784612)	(14,11)
e0070000248a30ed	(3.1 2.0784612)	(15,11)
e0070000248a30ee	(3.3 2.0784612)	(16,11)
e0070000248a2d82	(3.5 2.0784612)	(17,11)
e0070000248a2d9b	(3.7 2.0784612)	(18,11)
e0070000248a2e8d	(3.9 2.0784612)	(19,11)
e0070000248a2e0f	(4.1 2.0784612)	(20,11)
e0070000248a2e80	(4.3 2.0784612)	(21,11)
e0070000248a2e8e	(4.5 2.0784612)	(22,11)
e0070000248a2e62	(4.7 2.0784612)	(23,11)
e0070000248a2e4e	(4.9 2.0784612)	(24,11)
e0070000248a2e5d	(5.1 2.0784612)	(25,11)
e0070000248a2e59	(5.3 2.0784612)	(26,11)
e0070000248a2e5a	(5.5 2.0784612)	(27,11)
e0070000248a2e52	(5.7 2.0784612)	(28,11)
e0070000248a3096	(5.9 2.0784612)	(29,11)
e0070000248a3047	(0.2 2.2516663)	(0,12)
e0070000248a30f8	(0.4 2.2516663)	(1,12)
e0070000248a2e2a	(0.6 2.2516663)	(2,12)
e0070000248a2e81	(0.8 2.2516663)	(3,12)
e0070000248a2e06	(1.0 2.2516663)	(4,12)
e0070000248a2e57	(1.2 2.2516663)	(5,12)
e0070000248a2e58	(1.4 2.2516663)	(6,12)
e0070000248a2e47	(1.6 2.2516663)	(7,12)
e0070000248a2df4	(1.8 2.2516663)	(8,12)
e0070000248a2dbd	(2.0 2.2516663)	(9,12)
e0070000248a2db3	(2.2 2.2516663)	(10,12)
e0070000248a2d88	(2.4 2.2516663)	(11,12)
e0070000248a2def	(2.6 2.2516663)	(12,12)
e0070000248a2d84	(2.8 2.2516663)	(13,12)
e0070000248a2dbf	(3.0 2.2516663)	(14,12)
e0070000248a2dd5	(3.2 2.2516663)	(15,12)
e0070000248a2dc0	(3.4 2.2516663)	(16,12)
e0070000248a2dd9	(3.6 2.2516663)	(17,12)
e0070000248a2db4	(3.8 2.2516663)	(18,12)
e0070000248a2db8	(4.0 2.2516663)	(19,12)
e0070000248a2dee	(4.2 2.2516663)	(20,12)
e0070000248a2e27	(4.4 2.2516663)	(21,12)
e0070000248a2e2b	(4.6 2.2516663)	(22,12)
e0070000248a2ddb	(4.8 2.2516663)	(23,12)
e0070000248a2dba	(5.0 2.2516663)	(24,12)
e0070000248a2e25	(5.2 2.2516663)	(25,12)
e0070000248a2de0	(5.4 2.2516663)	(26,12)
e0070000248a2db5	(5.6 2.2516663)	(27,12)
e0070000248a2de8	(5.8 2.2516663)	(28,12)
e0070000248a2dd3	(0.1 2.4248714)	(0,13)
e0070000248a2dc2	(0.3 2.4248714)	(1,13)
e0070000248a2dc4	(0.5 2.4248714)	(2,13)
e0070000248a2de7	(0.7 2.4248714)	(3,13)
e0070000248a2e7d	(0.9 2.4248714)	(4,13)
e0070000248a2e13	(1.1 2.4248714)	(5,13)
e0070000248a2e35	(1.3 2.4248714)	(6,13)
e0070000248a2df2	(1.5 2.4248714)	(7,13)
e0070000248a2e7e	(1.7 2.4248714)	(8,13)
e0070000248a2e5b	(1.9 2.4248714)	(9,13)
e0070000248a2db9	(2.1 2.4248714)	(10,13)
e0070000248a2e26	(2.3 2.4248714)	(11,13)
e0070000248a2eda	(2.5 2.4248714)	(12,13)
e0070000248a2f3a	(2.7 2.4248714)	(13,13)
e0070000248a2e5e	(2.9 2.4248714)	(14,13)
e0070000248a2ddd	(3.1 2.4248714)	(15,13)
e0070000248a2e05	(3.3 2.4248714)	(16,13)
e0070000248a2dc3	(3.5 2.4248714)	(17,13)
e0070000248a2e28	(3.7 2.4248714)	(18,13)
e0070000248a2e2c	(3.9 2.4248714)	(19,13)
e0070000248a2dd4	(4.1 2.4248714)	(20,13)
e0070000248a2dbe	(4.3 2.4248714)	(21,13)
e0070000248a2db7	(4.5 2.4248714)	(22,13)
e0070000248a2dc9	(4.7 2.4248714)	(23,13)
e0070000248a2dd8	(4.9 2.4248714)	(24,13)
e0070000248a2de9	(5.1 2.4248714)	(25,13)
e0070000248a2dd1	(5.3 2.4248714)	(26,13)
e0070000248a2df6	(5.5 2.4248714)	(27,13)
e0070000248a2d94	(5.7 2.4248714)	(28,13)
e0070000248a2df3	(5.9 2.4248714)	(29,13)
e0070000248a2ea5	(0.2 2.5980766)	(0,14)
e0070000248a2dc7	(0.4 2.5980766)	(1,14)
e0070000248a2edc	(0.6 2.5980766)	(2,14)
e0070000248a2e88	(0.8 2.5980766)	(3,14)
e0070000248a2e85	(1.0 2.5980766)	(4,14)
e0070000248a2f12	(1.2 2.5980766)	(5,14)
e0070000248a2eb7	(1.4 2.5980766)	(6,14)
e0070000248a2e34	(1.6 2.5980766)	(7,14)
e0070000248a2e5f	(1.8 2.5980766)	(8,14)
e0070000248a2e5c	(2.0 2.5980766)	(9,14)
e0070000248a2f28	(2.2 2.5980766)	(10,14)
e0070000248a2e61	(2.4 2.5980766)	(11,14)
e0070000248a2e46	(2.6 2.5980766)	(12,14)
e0070000248a2e4f	(2.8 2.5980766)	(13,14)
e0070000248a2e8b	(3.0 2.5980766)	(14,14)
e0070000248a2df5	(3.2 2.5980766)	(15,14)
e0070000248a2dd2	(3.4 2.5980766)	(16,14)
e0070000248a2dd6	(3.6 2.5980766)	(17,14)
e0070000248a2e60	(3.8 2.5980766)	(18,14)
e0070000248a2e36	(4.0 2.5980766)	(19,14)
e0070000248a2deb	(4.2 2.5980766)	(20,14)
e0070000248a2e64	(4.4 2.5980766)	(21,14)
e0070000248a2e83	(4.6 2.5980766)	(22,14)
e0070000248a2ec9	(4.8 2.5980766)	(23,14)
e0070000248a2e65	(5.0 2.5980766)	(24,14)
e0070000248a2ec8	(5.2 2.5980766)	(25,14)
e0070000248a2f29	(5.4 2.5980766)	(26,14)
e0070000248a2e87	(5.6 2.5980766)	(27,14)
e0070000248a2f00	(5.8 2.5980766)	(28,14)
e0070000248a2e8a	(0.1 2.7712815)	(0,15)
e0070000248a2e8f	(0.3 2.7712815)	(1,15)
e0070000248a2e84	(0.5 2.7712815)	(2,15)
e0070000248a2e63	(0.7 2.7712815)	(3,15)
e0070000248a2ee1	(0.9 2.7712815)	(4,15)
e0070000248a2e8c	(1.1 2.7712815)	(5,15)
e0070000248a2f37	(1.3 2.7712815)	(6,15)
e0070000248a2ed1	(1.5 2.7712815)	(7,15)
e0070000248a2f30	(1.7 2.7712815)	(8,15)
e0070000248a2f2b	(1.9 2.7712815)	(9,15)
e0070000248a2f2a	(2.1 2.7712815)	(10,15)
e0070000248a2f2c	(2.3 2.7712815)	(11,15)
e0070000248a2f26	(2.5 2.7712815)	(12,15)
e0070000248a2f2d	(2.7 2.7712815)	(13,15)
e0070000248a2ed2	(2.9 2.7712815)	(14,15)
e0070000248a2f09	(3.1 2.7712815)	(15,15)
e0070000248a2f1d	(3.3 2.7712815)	(16,15)
e0070000248a2f1b	(3.5 2.7712815)	(17,15)
e0070000248a2f15	(3.7 2.7712815)	(18,15)
e0070000248a2f10	(3.9 2.7712815)	(19,15)
e0070000248a2f19	(4.1 2.7712815)	(20,15)
e0070000248a2f0a	(4.3 2.7712815)	(21,15)
e0070000248a2f0d	(4.5 2.7712815)	(22,15)
e0070000248a2f0f	(4.7 2.7712815)	(23,15)
e0070000248a2f05	(4.9 2.7712815)	(24,15)
e0070000248a2eff	(5.1 2.7712815)	(25,15)
e0070000248a2f03	(5.3 2.7712815)	(26,15)
e0070000248a2efe	(5.5 2.7712815)	(27,15)
e0070000248a2f17	(5.7 2.7712815)	(28,15)
e0070000248a2f21	(5.9 2.7712815)	(29,15)
e0070000248a2f07	(0.2 2.9444864)	(0,16)
e0070000248a2f0e	(0.4 2.9444864)	(1,16)
e0070000248a2eee	(0.6 2.9444864)	(2,16)
e0070000248a2ef7	(0.8 2.9444864)	(3,16)
e0070000248a2f1a	(1.0 2.9444864)	(4,16)
e0070000248a2ef8	(1.2 2.9444864)	(5,16)
e0070000248a2eed	(1.4 2.9444864)	(6,16)
e0070000248a2ef0	(1.6 2.9444864)	(7,16)
e0070000248a2eec	(1.8 2.9444864)	(8,16)
e0070000248a2eef	(2.0 2.9444864)	(9,16)
e0070000248a2ee5	(2.2 2.9444864)	(10,16)
e0070000248a2ee4	(2.4 2.9444864)	(11,16)
e0070000248a2eb1	(2.6 2.9444864)	(12,16)
e0070000248a2f0c	(2.8 2.9444864)	(13,16)
e0070000248a2f18	(3.0 2.9444864)	(14,16)
e0070000248a2f01	(3.2 2.9444864)	(15,16)
e0070000248a2ef3	(3.4 2.9444864)	(16,16)
e0070000248a2f0b	(3.6 2.9444864)	(17,16)
e0070000248a2f06	(3.8 2.9444864)	(18,16)
e0070000248a2efb	(4.0 2.9444864)	(19,16)
e0070000248a2ef5	(4.2 2.9444864)	(20,16)
e0070000248a2ee9	(4.4 2.9444864)	(21,16)
e0070000248a2efc	(4.6 2.9444864)	(22,16)
e0070000248a2efa	(4.8 2.9444864)	(23,16)
e0070000248a2ee7	(5.0 2.9444864)	(24,16)
e0070000248a2ed6	(5.2 2.9444864)	(25,16)
e0070000248a2ebd	(5.4 2.9444864)	(26,16)
e0070000248a2eea	(5.6 2.9444864)	(27,16)
e0070000248a2ec7	(5.8 2.9444864)	(28,16)
e0070000248a2ecb	(0.1 3.1176913)	(0,17)
e0070000248a2eca	(0.3 3.1176913)	(1,17)
e0070000248a2eba	(0.5 3.1176913)	(2,17)
e0070000248a2ec2	(0.7 3.1176913)	(3,17)
e0070000248a2ea8	(0.9 3.1176913)	(4,17)
e0070000248a2ed8	(1.1 3.1176913)	(5,17)
e0070000248a2eeb	(1.3 3.1176913)	(6,17)
e0070000248a2ece	(1.5 3.1176913)	(7,17)
e0070000248a2ec3	(1.7 3.1176913)	(8,17)
e0070000248a2ebf	(1.9 3.1176913)	(9,17)
e0070000248a2eb4	(2.1 3.1176913)	(10,17)
e0070000248a2ec0	(2.3 3.1176913)	(11,17)
e0070000248a2ea0	(2.5 3.1176913)	(12,17)
e0070000248a2ec6	(2.7 3.1176913)	(13,17)
e0070000248a2ec1	(2.9 3.1176913)	(14,17)
e0070000248a2ebe	(3.1 3.1176913)	(15,17)
e0070000248a2ebc	(3.3 3.1176913)	(16,17)
e0070000248a2ea9	(3.5 3.1176913)	(17,17)
e0070000248a2e9a	(3.7 3.1176913)	(18,17)
e0070000248a2eb6	(3.9 3.1176913)	(19,17)
e0070000248a2eab	(4.1 3.1176913)	(20,17)
e0070000248a2eaa	(4.3 3.1176913)	(21,17)
e0070000248a2e4d	(4.5 3.1176913)	(22,17)
e0070000248a2eb2	(4.7 3.1176913)	(23,17)
e0070000248a2eb8	(4.9 3.1176913)	(24,17)
e0070000248a2eae	(5.1 3.1176913)	(25,17)
e0070000248a2eb0	(5.3 3.1176913)	(26,17)
e0070000248a2e98	(5.5 3.1176913)	(27,17)
e0070000248a2e75	(5.7 3.1176913)	(28,17)
e0070000248a2e6c	(5.9 3.1176913)	(29,17)
e0070000248a2e9d	(0.2 3.2908964)	(0,18)
e0070000248a2ea3	(0.4 3.2908964)	(1,18)
e0070000248a2e9b	(0.6 3.2908964)	(2,18)
e0070000248a2e7c	(0.8 3.2908964)	(3,18)
e0070000248a2e94	(1.0 3.2908964)	(4,18)
e0070000248a2e9e	(1.2 3.2908964)	(5,18)
e0070000248a2e91	(1.4 3.2908964)	(6,18)
e0070000248a2e93	(1.6 3.2908964)	(7,18)
e0070000248a2e77	(1.8 3.2908964)	(8,18)
e0070000248a2e7b	(2.0 3.2908964)	(9,18)
e0070000248a2e99	(2.2 3.2908964)	(10,18)
e0070000248a2e92	(2.4 3.2908964)	(11,18)
e0070000248a2e73	(2.6 3.2908964)	(12,18)
e0070000248a2e72	(2.8 3.2908964)	(13,18)
e0070000248a2e7a	(3.0 3.2908964)	(14,18)
e0070000248a2e68	(3.2 3.2908964)	(15,18)
e0070000248a2e39	(3.4 3.2908964)	(16,18)
e0070000248a2e67	(3.6 3.2908964)	(17,18)
e0070000248a2e6e	(3.8 3.2908964)	(18,18)
e0070000248a2e3a	(4.0 3.2908964)	(19,18)
e0070000248a2e6d	(4.2 3.2908964)	(20,18)
e0070000248a2dde	(4.4 3.2908964)	(21,18)
e0070000248a2e1f	(4.6 3.2908964)	(22,18)
e0070000248a2eb9	(4.8 3.2908964)	(23,18)
e0070000248a2ec4	(5.0 3.2908964)	(24,18)
e0070000248a2e01	(5.2 3.2908964)	(25,18)
e0070000248a2e0d	(5.4 3.2908964)	(26,18)
e0070000248a2e96	(5.6 3.2908964)	(27,18)
e0070000248a2ea4	(5.8 3.2908964)	(28,18)
e0070000248a2e6b	(0.1 3.4641013)	(0,19)
e0070000248a2e49	(0.3 3.4641013)	(1,19)
e0070000248a2e78	(0.5 3.4641013)	(2,19)
e0070000248a2f3c	(0.7 3.4641013)	(3,19)
e0070000248a2e86	(0.9 3.4641013)	(4,19)
e0070000248a2f3b	(1.1 3.4641013)	(5,19)
e0070000248a2f1c	(1.3 3.4641013)	(6,19)
e0070000248a2f3e	(1.5 3.4641013)	(7,19)
e0070000248a2f16	(1.7 3.4641013)	(8,19)
e0070000248a2da8	(1.9 3.4641013)	(9,19)
e0070000248a2f2f	(2.1 3.4641013)	(10,19)
e0070000248a2f34	(2.3 3.4641013)	(11,19)
e0070000248a2f1e	(2.5 3.4641013)	(12,19)
e0070000248a2f14	(2.7 3.4641013)	(13,19)
e0070000248a2f11	(2.9 3.4641013)	(14,19)
e0070000248a2ef9	(3.1 3.4641013)	(15,19)
e0070000248a2f08	(3.3 3.4641013)	(16,19)
e0070000248a2f04	(3.5 3.4641013)	(17,19)
e0070000248a2ef6	(3.7 3.4641013)	(18,19)
e0070000248a2ef4	(3.9 3.4641013)	(19,19)
e0070000248a2ee8	(4.1 3.4641013)	(20,19)
e0070000248a2ee6	(4.3 3.4641013)	(21,19)
e0070000248a2edb	(4.5 3.4641013)	(22,19)
e0070000248a2ea6	(4.7 3.4641013)	(23,19)
e0070000248a2f02	(4.9 3.4641013)	(24,19)
e0070000248a2ebb	(5.1 3.4641013)	(25,19)
e0070000248a2ed7	(5.3 3.4641013)	(26,19)
e0070000248a2ecc	(5.5 3.4641013)	(27,19)
e0070000248a2eb3	(5.7 3.4641013)	(28,19)
e0070000248a2eb5	(5.9 3.4641013)	(29,19)
e0070000248a2eac	(0.2 3.6373062)	(0,20)
e0070000248a2eaf	(0.4 3.6373062)	(1,20)
e0070000248a2ea7	(0.6 3.6373062)	(2,20)
e0070000248a2e95	(0.8 3.6373062)	(3,20)
e0070000248a2ec5	(1.0 3.6373062)	(4,20)
e0070000248a2ea2	(1.2 3.6373062)	(5,20)
e0070000248a2ead	(1.4 3.6373062)	(6,20)
e0070000248a2e69	(1.6 3.6373062)	(7,20)
e0070000248a2e6a	(1.8 3.6373062)	(8,20)
e0070000248a2e9f	(2.0 3.6373062)	(9,20)
e0070000248a2e6f	(2.2 3.6373062)	(10,20)
e0070000248a2e97	(2.4 3.6373062)	(11,20)
e0070000248a2e53	(2.6 3.6373062)	(12,20)
e0070000248a2e55	(2.8 3.6373062)	(13,20)
e0070000248a2e56	(3.0 3.6373062)	(14,20)
e0070000248a2e4b	(3.2 3.6373062)	(15,20)
e0070000248a2e74	(3.4 3.6373062)	(16,20)
e0070000248a2e37	(3.6 3.6373062)	(17,20)
e0070000248a2e40	(3.8 3.6373062)	(18,20)
e0070000248a2e22	(4.0 3.6373062)	(19,20)
e0070000248a2e79	(4.2 3.6373062)	(20,20)
e0070000248a2e76	(4.4 3.6373062)	(21,20)
e0070000248a2e70	(4.6 3.6373062)	(22,20)
e0070000248a2e71	(4.8 3.6373062)	(23,20)
e0070000248a2e4a	(5.0 3.6373062)	(24,20)
e0070000248a2e1e	(5.2 3.6373062)	(25,20)
e0070000248a2e0a	(5.4 3.6373062)	(26,20)
e0070000248a2e3b	(5.6 3.6373062)	(27,20)
e0070000248a2e2e	(5.8 3.6373062)	(28,20)
e0070000248a2e33	(0.1 3.810511)	(0,21)
e0070000248a2e24	(0.3 3.810511)	(1,21)
e0070000248a2e66	(0.5 3.810511)	(2,21)
e0070000248a2e3e	(0.7 3.810511)	(3,21)
e0070000248a2e30	(0.9 3.810511)	(4,21)
e0070000248a2e1d	(1.1 3.810511)	(5,21)
e0070000248a2e21	(1.3 3.810511)	(6,21)
e0070000248a2e19	(1.5 3.810511)	(7,21)
e0070000248a2e54	(1.7 3.810511)	(8,21)
e0070000248a2e50	(1.9 3.810511)	(9,21)
e0070000248a2e51	(2.1 3.810511)	(10,21)
e0070000248a2e42	(2.3 3.810511)	(11,21)
e0070000248a2e4c	(2.5 3.810511)	(12,21)
e0070000248a2e38	(2.7 3.810511)	(13,21)
e0070000248a2e44	(2.9 3.810511)	(14,21)
e0070000248a2e45	(3.1 3.810511)	(15,21)
e0070000248a2e43	(3.3 3.810511)	(16,21)
e0070000248a2e3c	(3.5 3.810511)	(17,21)
e0070000248a2e3f	(3.7 3.810511)	(18,21)
e0070000248a2e41	(3.9 3.810511)	(19,21)
e0070000248a2e3d	(4.1 3.810511)	(20,21)
e0070000248a2e09	(4.3 3.810511)	(21,21)
e0070000248a2e2d	(4.5 3.810511)	(22,21)
e0070000248a2e31	(4.7 3.810511)	(23,21)
e0070000248a2e2f	(4.9 3.810511)	(24,21)
e0070000248a2e32	(5.1 3.810511)	(25,21)
e0070000248a2e1b	(5.3 3.810511)	(26,21)
e0070000248a2e16	(5.5 3.810511)	(27,21)
e0070000248a2e15	(5.7 3.810511)	(28,21)
e0070000248a2e14	(5.9 3.810511)	(29,21)
e0070000248a2e12	(0.2 3.983716)	(0,22)
e0070000248a2e10	(0.4 3.983716)	(1,22)
e0070000248a2e0c	(0.6 3.983716)	(2,22)
e0070000248a2e11	(0.8 3.983716)	(3,22)
e0070000248a2e0e	(1.0 3.983716)	(4,22)
e0070000248a2dfa	(1.2 3.983716)	(5,22)
e0070000248a2e08	(1.4 3.983716)	(6,22)
e0070000248a2e03	(1.6 3.983716)	(7,22)
e0070000248a2e00	(1.8 3.983716)	(8,22)
e0070000248a2dff	(2.0 3.983716)	(9,22)
e0070000248a2dfd	(2.2 3.983716)	(10,22)
e0070000248a2e02	(2.4 3.983716)	(11,22)
e0070000248a2dfe	(2.6 3.983716)	(12,22)
e0070000248a2dfb	(2.8 3.983716)	(13,22)
e0070000248a2e0b	(3.0 3.983716)	(14,22)
e0070000248a2e07	(3.2 3.983716)	(15,22)
e0070000248a2e04	(3.4 3.983716)	(16,22)
e0070000248a2dfc	(3.6 3.983716)	(17,22)
e0070000248a2df9	(3.8 3.983716)	(18,22)
e0070000248a2df1	(4.0 3.983716)	(19,22)
e0070000248a2e1c	(4.2 3.983716)	(20,22)
e0070000248a2e1a	(4.4 3.983716)	(21,22)
e0070000248a2e20	(4.6 3.983716)	(22,22)
e0070000248a2ddc	(4.8 3.983716)	(23,22)
e0070000248a2df8	(5.0 3.983716)	(24,22)
e0070000248a2df7	(5.2 3.983716)	(25,22)
e0070000248a2ded	(5.4 3.983716)	(26,22)
e0070000248a2df0	(5.6 3.983716)	(27,22)
e0070000248a2dec	(5.8 3.983716)	(28,22)
e0070000248a2daf	(0.1 4.156921)	(0,23)
e0070000248a2de3	(0.3 4.156921)	(1,23)
e0070000248a2de1	(0.5 4.156921)	(2,23)
e0070000248a2dea	(0.7 4.156921)	(3,23)
e0070000248a2de4	(0.9 4.156921)	(4,23)
e0070000248a2de6	(1.1 4.156921)	(5,23)
e0070000248a2de5	(1.3 4.156921)	(6,23)
e0070000248a2dd0	(1.5 4.156921)	(7,23)
e0070000248a2dda	(1.7 4.156921)	(8,23)
e0070000248a2ddf	(1.9 4.156921)	(9,23)
e0070000248a2dd7	(2.1 4.156921)	(10,23)
e0070000248a2dcb	(2.3 4.156921)	(11,23)
e0070000248a2dce	(2.5 4.156921)	(12,23)
e0070000248a2dcf	(2.7 4.156921)	(13,23)
e0070000248a2dc6	(2.9 4.156921)	(14,23)
e0070000248a2d5e	(3.1 4.156921)	(15,23)
e0070000248a2dcd	(3.3 4.156921)	(16,23)
e0070000248a2dc5	(3.5 4.156921)	(17,23)
e0070000248a2dc8	(3.7 4.156921)	(18,23)
e0070000248a2d74	(3.9 4.156921)	(19,23)
e0070000248a2da6	(4.1 4.156921)	(20,23)
e0070000248a2dcc	(4.3 4.156921)	(21,23)
e0070000248a2dae	(4.5 4.156921)	(22,23)
e0070000248a2dad	(4.7 4.156921)	(23,23)
e0070000248a2de2	(4.9 4.156921)	(24,23)
e0070000248a2d5a	(5.1 4.156921)	(25,23)
e0070000248a2d75	(5.3 4.156921)	(26,23)
e0070000248a2e18	(5.5 4.156921)	(27,23)
e0070000248a2d5d	(5.7 4.156921)	(28,23)
e0070000248a2d9a	(5.9 4.156921)	(29,23)
e0070000248a2dab	(0.2 4.330126)	(0,24)
e0070000248a2da7	(0.4 4.330126)	(1,24)
e0070000248a2e17	(0.6 4.330126)	(2,24)
e0070000248a2d76	(0.8 4.330126)	(3,24)
e0070000248a2d61	(1.0 4.330126)	(4,24)
e0070000248a2d70	(1.2 4.330126)	(5,24)
e0070000248a2d71	(1.4 4.330126)	(6,24)
e0070000248a2d79	(1.6 4.330126)	(7,24)
e0070000248a2daa	(1.8 4.330126)	(8,24)
e0070000248a2da9	(2.0 4.330126)	(9,24)
e0070000248a2d7d	(2.2 4.330126)	(10,24)
e0070000248a2d7f	(2.4 4.330126)	(11,24)
e0070000248a2da4	(2.6 4.330126)	(12,24)
e0070000248a2da2	(2.8 4.330126)	(13,24)
e0070000248a2d9f	(3.0 4.330126)	(14,24)
e0070000248a2d9e	(3.2 4.330126)	(15,24)
e0070000248a2d99	(3.4 4.330126)	(16,24)
e0070000248a2da3	(3.6 4.330126)	(17,24)
e0070000248a2da0	(3.8 4.330126)	(18,24)
e0070000248a2d92	(4.0 4.330126)	(19,24)
e0070000248a2d9d	(4.2 4.330126)	(20,24)
e0070000248a2d97	(4.4 4.330126)	(21,24)
e0070000248a2d96	(4.6 4.330126)	(22,24)
e0070000248a2d95	(4.8 4.330126)	(23,24)
e0070000248a2d93	(5.0 4.330126)	(24,24)
e0070000248a2d8d	(5.2 4.330126)	(25,24)
e0070000248a2d90	(5.4 4.330126)	(26,24)
e0070000248a2d8f	(5.6 4.330126)	(27,24)
e0070000248a2d8b	(5.8 4.330126)	(28,24)
e0070000248a29de	(0.1 4.503331)	(0,25)
e0070000248a2d8a	(0.3 4.503331)	(1,25)
e0070000248a2b4f	(0.5 4.503331)	(2,25)
e0070000248a2aa4	(0.7 4.503331)	(3,25)
e0070000248a2ae5	(0.9 4.503331)	(4,25)
e0070000248a2ab3	(1.1 4.503331)	(5,25)
e0070000248a298c	(1.3 4.503331)	(6,25)
e0070000248a29e3	(1.5 4.503331)	(7,25)
e0070000248a2ac9	(1.7 4.503331)	(8,25)
e0070000248a2ac7	(1.9 4.503331)	(9,25)
e0070000248a2b0c	(2.1 4.503331)	(10,25)
e0070000248a2b0d	(2.3 4.503331)	(11,25)
e0070000248a2a0a	(2.5 4.503331)	(12,25)
e0070000248a2a09	(2.7 4.503331)	(13,25)
e0070000248a2ac1	(2.9 4.503331)	(14,25)
e0070000248a2aca	(3.1 4.503331)	(15,25)
e0070000248a2b0f	(3.3 4.503331)	(16,25)
e0070000248a2b0e	(3.5 4.503331)	(17,25)
e0070000248a2b4a	(3.7 4.503331)	(18,25)
e0070000248a2b49	(3.9 4.503331)	(19,25)
e0070000248a2b47	(4.1 4.503331)	(20,25)
e0070000248a2ae9	(4.3 4.503331)	(21,25)
e0070000248a2b30	(4.5 4.503331)	(22,25)
e0070000248a2ade	(4.7 4.503331)	(23,25)
e0070000248a2b2e	(4.9 4.503331)	(24,25)
e0070000248a2b4b	(5.1 4.503331)	(25,25)
e0070000248a2b45	(5.3 4.503331)	(26,25)
e0070000248a2a12	(5.5 4.503331)	(27,25)
e0070000248a2a8c	(5.7 4.503331)	(28,25)
e0070000248a296e	(5.9 4.503331)	(29,25)
e0070000248a2aea	(0.2 4.676536)	(0,26)
e0070000248a29c6	(0.4 4.676536)	(1,26)
e0070000248a2a86	(0.6 4.676536)	(2,26)
e0070000248a2b20	(0.8 4.676536)	(3,26)
e0070000248a2a77	(1.0 4.676536)	(4,26)
e0070000248a2a82	(1.2 4.676536)	(5,26)
e0070000248a2a8d	(1.4 4.676536)	(6,26)
e0070000248a2b28	(1.6 4.676536)	(7,26)
e0070000248a2b22	(1.8 4.676536)	(8,26)
e0070000248a2b25	(2.0 4.676536)	(9,26)
e0070000248a2b46	(2.2 4.676536)	(10,26)
e0070000248a2b21	(2.4 4.676536)	(11,26)
e0070000248a2afc	(2.6 4.676536)	(12,26)
e0070000248a2b18	(2.8 4.676536)	(13,26)
e0070000248a2ae4	(3.0 4.676536)	(14,26)
e0070000248a2ae2	(3.2 4.676536)	(15,26)
e0070000248a2add	(3.4 4.676536)	(16,26)
e0070000248a2a83	(3.6 4.676536)	(17,26)
e0070000248a2b41	(3.8 4.676536)	(18,26)
e0070000248a2a84	(4.0 4.676536)	(19,26)
e0070000248a2ae3	(4.2 4.676536)	(20,26)
e0070000248a2acf	(4.4 4.676536)	(21,26)
e0070000248a2b3f	(4.6 4.676536)	(22,26)
e0070000248a2b4c	(4.8 4.676536)	(23,26)
e0070000248a2adb	(5.0 4.676536)	(24,26)
e0070000248a2a87	(5.2 4.676536)	(25,26)
e0070000248a2ad5	(5.4 4.676536)	(26,26)
e0070000248a2b51	(5.6 4.676536)	(27,26)
e0070000248a2ad7	(5.8 4.676536)	(28,26)
e0070000248a2b01	(0.1 4.849741)	(0,27)
e0070000248a2ad1	(0.3 4.849741)	(1,27)
e0070000248a2ad3	(0.5 4.849741)	(2,27)
e0070000248a2ad4	(0.7 4.849741)	(3,27)
e0070000248a2b26	(0.9 4.849741)	(4,27)
e0070000248a2a7b	(1.1 4.849741)	(5,27)
e0070000248a2b23	(1.3 4.849741)	(6,27)
e0070000248a2b29	(1.5 4.849741)	(7,27)
e0070000248a2a5b	(1.7 4.849741)	(8,27)
e0070000248a2aec	(1.9 4.849741)	(9,27)
e0070000248a2a5a	(2.1 4.849741)	(10,27)
e0070000248a2adc	(2.3 4.849741)	(11,27)
e0070000248a2ad0	(2.5 4.849741)	(12,27)
e0070000248a2ad9	(2.7 4.849741)	(13,27)
e0070000248a2ad2	(2.9 4.849741)	(14,27)
e0070000248a2ae1	(3.1 4.849741)	(15,27)
e0070000248a2ae0	(3.3 4.849741)	(16,27)
e0070000248a2ae6	(3.5 4.849741)	(17,27)
e0070000248a2ae7	(3.7 4.849741)	(18,27)
e0070000248a2a59	(3.9 4.849741)	(19,27)
e0070000248a2b1c	(4.1 4.849741)	(20,27)
e0070000248a2b2a	(4.3 4.849741)	(21,27)
e0070000248a2b1b	(4.5 4.849741)	(22,27)
e0070000248a2b1d	(4.7 4.849741)	(23,27)
e0070000248a2b1a	(4.9 4.849741)	(24,27)
e0070000248a2b1f	(5.1 4.849741)	(25,27)
e0070000248a2b19	(5.3 4.849741)	(26,27)
e0070000248a2b17	(5.5 4.849741)	(27,27)
e0070000248a2b50	(5.7 4.849741)	(28,27)
e0070000248a2b16	(5.9 4.849741)	(29,27)
e0070000248a2a4a	(0.2 5.022946)	(0,28)
e0070000248a2963	(0.4 5.022946)	(1,28)
e0070000248a296f	(0.6 5.022946)	(2,28)
e0070000248a29c1	(0.8 5.022946)	(3,28)
e0070000248a29fd	(1.0 5.022946)	(4,28)
e0070000248a2b48	(1.2 5.022946)	(5,28)
e0070000248a29ff	(1.4 5.022946)	(6,28)
e0070000248a2b12	(1.6 5.022946)	(7,28)
e0070000248a2a57	(1.8 5.022946)	(8,28)
e0070000248a2ae8	(2.0 5.022946)	(9,28)
e0070000248a2b14	(2.2 5.022946)	(10,28)
e0070000248a2b24	(2.4 5.022946)	(11,28)
e0070000248a2a00	(2.6 5.022946)	(12,28)
e0070000248a2b0a	(2.8 5.022946)	(13,28)
e0070000248a2b13	(3.0 5.022946)	(14,28)
e0070000248a2b08	(3.2 5.022946)	(15,28)
e0070000248a2b07	(3.4 5.022946)	(16,28)
e0070000248a2b06	(3.6 5.022946)	(17,28)
e0070000248a2a08	(3.8 5.022946)	(18,28)
e0070000248a2ac3	(4.0 5.022946)	(19,28)
e0070000248a29ee	(4.2 5.022946)	(20,28)
e0070000248a2ac0	(4.4 5.022946)	(21,28)
e0070000248a29f7	(4.6 5.022946)	(22,28)
e0070000248a2abf	(4.8 5.022946)	(23,28)
e0070000248a2a54	(5.0 5.022946)	(24,28)
e0070000248a2ab2	(5.2 5.022946)	(25,28)
e0070000248a2b38	(5.4 5.022946)	(26,28)
e0070000248a2acd	(5.6 5.022946)	(27,28)
e0070000248a2b39	(5.8 5.022946)	(28,28)
e0070000248a2b42	(0.1 5.1961513)	(0,29)
e0070000248a2b37	(0.3 5.1961513)	(1,29)
e0070000248a2a97	(0.5 5.1961513)	(2,29)
e0070000248a2b40	(0.7 5.1961513)	(3,29)
e0070000248a2b3d	(0.9 5.1961513)	(4,29)
e0070000248a2b3c	(1.1 5.1961513)	(5,29)
e0070000248a2b3b	(1.3 5.1961513)	(6,29)
e0070000248a2b3a	(1.5 5.1961513)	(7,29)
e0070000248a2af8	(1.7 5.1961513)	(8,29)
e0070000248a2aa8	(1.9 5.1961513)	(9,29)
e0070000248a2ab0	(2.1 5.1961513)	(10,29)
e0070000248a2ab8	(2.3 5.1961513)	(11,29)
e0070000248a2ab9	(2.5 5.1961513)	(12,29)
e0070000248a2abe	(2.7 5.1961513)	(13,29)
e0070000248a2ab5	(2.9 5.1961513)	(14,29)
e0070000248a2a71	(3.1 5.1961513)	(15,29)
e0070000248a2ac4	(3.3 5.1961513)	(16,29)
e0070000248a2b27	(3.5 5.1961513)	(17,29)
e0070000248a2a65	(3.7 5.1961513)	(18,29)
e0070000248a2ab7	(3.9 5.1961513)	(19,29)
e0070000248a2abc	(4.1 5.1961513)	(20,29)
e0070000248a2a11	(4.3 5.1961513)	(21,29)
e0070000248a2b2b	(4.5 5.1961513)	(22,29)
e0070000248a2b2c	(4.7 5.1961513)	(23,29)
e0070000248a2b2d	(4.9 5.1961513)	(24,29)
e0070000248a2b2f	(5.1 5.1961513)	(25,29)
e0070000248a2b32	(5.3 5.1961513)	(26,29)
e0070000248a2aac	(5.5 5.1961513)	(27,29)
e0070000248a2b31	(5.7 5.1961513)	(28,29)
e0070000248a2aa6	(5.9 5.1961513)	(29,29)
e0070000248a2aa3	(0.2 5.369356)	(0,30)
e0070000248a2b15	(0.4 5.369356)	(1,30)
e0070000248a2a9c	(0.6 5.369356)	(2,30)
e0070000248a2b11	(0.8 5.369356)	(3,30)
e0070000248a2a9d	(1.0 5.369356)	(4,30)
e0070000248a2a9e	(1.2 5.369356)	(5,30)
e0070000248a2a9a	(1.4 5.369356)	(6,30)
e0070000248a29d6	(1.6 5.369356)	(7,30)
e0070000248a2a43	(1.8 5.369356)	(8,30)
e0070000248a2aa0	(2.0 5.369356)	(9,30)
e0070000248a297a	(2.2 5.369356)	(10,30)
e0070000248a2a98	(2.4 5.369356)	(11,30)
e0070000248a2a96	(2.6 5.369356)	(12,30)
e0070000248a2971	(2.8 5.369356)	(13,30)
e0070000248a29e7	(3.0 5.369356)	(14,30)
e0070000248a2a85	(3.2 5.369356)	(15,30)
e0070000248a2a94	(3.4 5.369356)	(16,30)
e0070000248a29ba	(3.6 5.369356)	(17,30)
e0070000248a29cf	(3.8 5.369356)	(18,30)
e0070000248a2a90	(4.0 5.369356)	(19,30)
e0070000248a2a92	(4.2 5.369356)	(20,30)
e0070000248a2a91	(4.4 5.369356)	(21,30)
e0070000248a2a8a	(4.6 5.369356)	(22,30)
e0070000248a2a8b	(4.8 5.369356)	(23,30)
e0070000248a2a9b	(5.0 5.369356)	(24,30)
e0070000248a2af3	(5.2 5.369356)	(25,30)
e0070000248a2a79	(5.4 5.369356)	(26,30)
e0070000248a29ad	(5.6 5.369356)	(27,30)
e0070000248a2a88	(5.8 5.369356)	(28,30)
e0070000248a2a7c	(0.1 5.542561)	(0,31)
e0070000248a2a7e	(0.3 5.542561)	(1,31)
e0070000248a2a80	(0.5 5.542561)	(2,31)
e0070000248a2a7d	(0.7 5.542561)	(3,31)
e0070000248a2a81	(0.9 5.542561)	(4,31)
e0070000248a2a8e	(1.1 5.542561)	(5,31)
e0070000248a2a89	(1.3 5.542561)	(6,31)
e0070000248a2aa2	(1.5 5.542561)	(7,31)
e0070000248a2a95	(1.7 5.542561)	(8,31)
e0070000248a2ad6	(1.9 5.542561)	(9,31)
e0070000248a2b33	(2.1 5.542561)	(10,31)
e0070000248a2a76	(2.3 5.542561)	(11,31)
e0070000248a2b4e	(2.5 5.542561)	(12,31)
e0070000248a2a78	(2.7 5.542561)	(13,31)
e0070000248a2b0b	(2.9 5.542561)	(14,31)
e0070000248a29e0	(3.1 5.542561)	(15,31)
e0070000248a29e2	(3.3 5.542561)	(16,31)
e0070000248a2a99	(3.5 5.542561)	(17,31)
e0070000248a29dc	(3.7 5.542561)	(18,31)
e0070000248a29da	(3.9 5.542561)	(19,31)
e0070000248a2acb	(4.1 5.542561)	(20,31)
e0070000248a29db	(4.3 5.542561)	(21,31)
e0070000248a2ac8	(4.5 5.542561)	(22,31)
e0070000248a29d3	(4.7 5.542561)	(23,31)
e0070000248a29c2	(4.9 5.542561)	(24,31)
e0070000248a29b9	(5.1 5.542561)	(25,31)
e0070000248a29d9	(5.3 5.542561)	(26,31)
e0070000248a29cb	(5.5 5.542561)	(27,31)
e0070000248a29d8	(5.7 5.542561)	(28,31)
e0070000248a2ac6	(5.9 5.542561)	(29,31)
e0070000248a2a47	(0.2 5.715766)	(0,32)
e0070000248a2a14	(0.4 5.715766)	(1,32)
e0070000248a29e1	(0.6 5.715766)	(2,32)
e0070000248a2ad8	(0.8 5.715766)	(3,32)
e0070000248a29a7	(1.0 5.715766)	(4,32)
e0070000248a2a8f	(1.2 5.715766)	(5,32)
e0070000248a2991	(1.4 5.715766)	(6,32)
e0070000248a2a93	(1.6 5.715766)	(7,32)
e0070000248a29d7	(1.8 5.715766)	(8,32)
e0070000248a29bc	(2.0 5.715766)	(9,32)
e0070000248a29bd	(2.2 5.715766)	(10,32)
e0070000248a29d5	(2.4 5.715766)	(11,32)
e0070000248a2995	(2.6 5.715766)	(12,32)
e0070000248a2af2	(2.8 5.715766)	(13,32)
e0070000248a298e	(3.0 5.715766)	(14,32)
e0070000248a2990	(3.2 5.715766)	(15,32)
e0070000248a2aa5	(3.4 5.715766)	(16,32)
e0070000248a2a75	(3.6 5.715766)	(17,32)
e0070000248a29af	(3.8 5.715766)	(18,32)
e0070000248a29ae	(4.0 5.715766)	(19,32)
e0070000248a29aa	(4.2 5.715766)	(20,32)
e0070000248a29a8	(4.4 5.715766)	(21,32)
e0070000248a299c	(4.6 5.715766)	(22,32)
e0070000248a29a2	(4.8 5.715766)	(23,32)
e0070000248a2999	(5.0 5.715766)	(24,32)
e0070000248a2abb	(5.2 5.715766)	(25,32)
e0070000248a2994	(5.4 5.715766)	(26,32)
e0070000248a29a0	(5.6 5.715766)	(27,32)
e0070000248a299b	(5.8 5.715766)	(28,32)
e0070000248a29ac	(0.1 5.888971)	(0,33)
e0070000248a29a6	(0.3 5.888971)	(1,33)
e0070000248a298d	(0.5 5.888971)	(2,33)
e0070000248a299e	(0.7 5.888971)	(3,33)
e0070000248a29ed	(0.9 5.888971)	(4,33)
e0070000248a29ec	(1.1 5.888971)	(5,33)
e0070000248a29eb	(1.3 5.888971)	(6,33)
e0070000248a29ea	(1.5 5.888971)	(7,33)
e0070000248a2ace	(1.7 5.888971)	(8,33)
e0070000248a29e9	(1.9 5.888971)	(9,33)
e0070000248a2aa9	(2.1 5.888971)	(10,33)
e0070000248a29e5	(2.3 5.888971)	(11,33)
e0070000248a29e8	(2.5 5.888971)	(12,33)
e0070000248a29c9	(2.7 5.888971)	(13,33)
e0070000248a2ab1	(2.9 5.888971)	(14,33)
e0070000248a2998	(3.1 5.888971)	(15,33)
e0070000248a29e4	(3.3 5.888971)	(16,33)
e0070000248a29d1	(3.5 5.888971)	(17,33)
e0070000248a29b5	(3.7 5.888971)	(18,33)
e0070000248a29e6	(3.9 5.888971)	(19,33)
e0070000248a29b4	(4.1 5.888971)	(20,33)
e0070000248a29cd	(4.3 5.888971)	(21,33)
e0070000248a29b2	(4.5 5.888971)	(22,33)
e0070000248a29b1	(4.7 5.888971)	(23,33)
e0070000248a29c5	(4.9 5.888971)	(24,33)
e0070000248a29a4	(5.1 5.888971)	(25,33)
e0070000248a2a21	(5.3 5.888971)	(26,33)
e0070000248a2b35	(5.5 5.888971)	(27,33)
e0070000248a29c8	(5.7 5.888971)	(28,33)
e0070000248a2b34	(5.9 5.888971)	(29,33)
e0070000248a29c4	(0.2 6.0621758)	(0,34)
e0070000248a299d	(0.4 6.0621758)	(1,34)
e0070000248a2a1f	(0.6 6.0621758)	(2,34)
e0070000248a2997	(0.8 6.0621758)	(3,34)
e0070000248a298f	(1.0 6.0621758)	(4,34)
e0070000248a2996	(1.2 6.0621758)	(5,34)
e0070000248a2a20	(1.4 6.0621758)	(6,34)
e0070000248a2b36	(1.6 6.0621758)	(7,34)
e0070000248a2a22	(1.8 6.0621758)	(8,34)
e0070000248a2a24	(2.0 6.0621758)	(9,34)
e0070000248a2a25	(2.2 6.0621758)	(10,34)
e0070000248a2ab4	(2.4 6.0621758)	(11,34)
e0070000248a2a27	(2.6 6.0621758)	(12,34)
e0070000248a2a2a	(2.8 6.0621758)	(13,34)
e0070000248a2af9	(3.0 6.0621758)	(14,34)
e0070000248a2a2b	(3.2 6.0621758)	(15,34)
e0070000248a2a26	(3.4 6.0621758)	(16,34)
e0070000248a2afb	(3.6 6.0621758)	(17,34)
e0070000248a2a28	(3.8 6.0621758)	(18,34)
e0070000248a2a29	(4.0 6.0621758)	(19,34)
e0070000248a2afa	(4.2 6.0621758)	(20,34)
e0070000248a2a2c	(4.4 6.0621758)	(21,34)
e0070000248a2a2d	(4.6 6.0621758)	(22,34)
e0070000248a2a2e	(4.8 6.0621758)	(23,34)
e0070000248a29a5	(5.0 6.0621758)	(24,34)
e0070000248a2a2f	(5.2 6.0621758)	(25,34)
e0070000248a2a30	(5.4 6.0621758)	(26,34)
e0070000248a2a31	(5.6 6.0621758)	(27,34)
e0070000248a2a32	(5.8 6.0621758)	(28,34)
e0070000248a2a33	(0.1 6.2353806)	(0,35)
e0070000248a2a34	(0.3 6.2353806)	(1,35)
e0070000248a2992	(0.5 6.2353806)	(2,35)
e0070000248a2a36	(0.7 6.2353806)	(3,35)
e0070000248a2acc	(0.9 6.2353806)	(4,35)
e0070000248a2a37	(1.1 6.2353806)	(5,35)
e0070000248a2a35	(1.3 6.2353806)	(6,35)
e0070000248a2a39	(1.5 6.2353806)	(7,35)
e0070000248a2a3a	(1.7 6.2353806)	(8,35)
e0070000248a2a38	(1.9 6.2353806)	(9,35)
e0070000248a2a3c	(2.1 6.2353806)	(10,35)
e0070000248a2a3d	(2.3 6.2353806)	(11,35)
e0070000248a2b4d	(2.5 6.2353806)	(12,35)
e0070000248a2a3e	(2.7 6.2353806)	(13,35)
e0070000248a2a3f	(2.9 6.2353806)	(14,35)
e0070000248a2b43	(3.1 6.2353806)	(15,35)
e0070000248a2b44	(3.3 6.2353806)	(16,35)
e0070000248a2a41	(3.5 6.2353806)	(17,35)
e0070000248a2a40	(3.7 6.2353806)	(18,35)
e0070000248a2a42	(3.9 6.2353806)	(19,35)
e0070000248a2a46	(4.1 6.2353806)	(20,35)
e0070000248a2a44	(4.3 6.2353806)	(21,35)
e0070000248a2a45	(4.5 6.2353806)	(22,35)
e0070000248a2a48	(4.7 6.2353806)	(23,35)
e0070000248a2a3b	(4.9 6.2353806)	(24,35)
e0070000248a2a49	(5.1 6.2353806)	(25,35)
e0070000248a2a4b	(5.3 6.2353806)	(26,35)
e0070000248a2b1e	(5.5 6.2353806)	(27,35)
e0070000248a2a4c	(5.7 6.2353806)	(28,35)
e0070000248a2a4d	(5.9 6.2353806)	(29,35)
e0070000248a2a55	(0.2 6.408586)	(0,36)
e0070000248a2a53	(0.4 6.408586)	(1,36)
e0070000248a2a68	(0.6 6.408586)	(2,36)
e0070000248a2a50	(0.8 6.408586)	(3,36)
e0070000248a2a51	(1.0 6.408586)	(4,36)
e0070000248a2a56	(1.2 6.408586)	(5,36)
e0070000248a2a58	(1.4 6.408586)	(6,36)
e0070000248a2a4e	(1.6 6.408586)	(7,36)
e0070000248a2a5c	(1.8 6.408586)	(8,36)
e0070000248a2a5d	(2.0 6.408586)	(9,36)
e0070000248a2a5f	(2.2 6.408586)	(10,36)
e0070000248a2a52	(2.4 6.408586)	(11,36)
e0070000248a2a6a	(2.6 6.408586)	(12,36)
e0070000248a2a6b	(2.8 6.408586)	(13,36)
e0070000248a2a6c	(3.0 6.408586)	(14,36)
e0070000248a2a6d	(3.2 6.408586)	(15,36)
e0070000248a2a6f	(3.4 6.408586)	(16,36)
e0070000248a2974	(3.6 6.408586)	(17,36)
e0070000248a2aba	(3.8 6.408586)	(18,36)
e0070000248a296d	(4.0 6.408586)	(19,36)
e0070000248a2a23	(4.2 6.408586)	(20,36)
e0070000248a2978	(4.4 6.408586)	(21,36)
e0070000248a2973	(4.6 6.408586)	(22,36)
e0070000248a2972	(4.8 6.408586)	(23,36)
e0070000248a2970	(5.0 6.408586)	(24,36)
e0070000248a2aad	(5.2 6.408586)	(25,36)
e0070000248a29fb	(5.4 6.408586)	(26,36)
e0070000248a2a0d	(5.6 6.408586)	(27,36)
e0070000248a296a	(5.8 6.408586)	(28,36)
e0070000248a2a64	(0.1 6.581791)	(0,37)
e0070000248a296c	(0.3 6.581791)	(1,37)
e0070000248a2a7f	(0.5 6.581791)	(2,37)
e0070000248a29f9	(0.7 6.581791)	(3,37)
e0070000248a29d2	(0.9 6.581791)	(4,37)
e0070000248a29fe	(1.1 6.581791)	(5,37)
e0070000248a29fa	(1.3 6.581791)	(6,37)
e0070000248a2a0c	(1.5 6.581791)	(7,37)
e0070000248a2b3e	(1.7 6.581791)	(8,37)
e0070000248a2a60	(1.9 6.581791)	(9,37)
e0070000248a2a5e	(2.1 6.581791)	(10,37)
e0070000248a2abd	(2.3 6.581791)	(11,37)
e0070000248a2a63	(2.5 6.581791)	(12,37)
e0070000248a2a62	(2.7 6.581791)	(13,37)
e0070000248a2a61	(2.9 6.581791)	(14,37)
e0070000248a2a0b	(3.1 6.581791)	(15,37)
e0070000248a2a66	(3.3 6.581791)	(16,37)
e0070000248a2aaf	(3.5 6.581791)	(17,37)
e0070000248a2a67	(3.7 6.581791)	(18,37)
e0070000248a2a7a	(3.9 6.581791)	(19,37)
e0070000248a2a69	(4.1 6.581791)	(20,37)
e0070000248a29f2	(4.3 6.581791)	(21,37)
e0070000248a2b04	(4.5 6.581791)	(22,37)
e0070000248a29f3	(4.7 6.581791)	(23,37)
e0070000248a2b05	(4.9 6.581791)	(24,37)
e0070000248a29cc	(5.1 6.581791)	(25,37)
e0070000248a29f1	(5.3 6.581791)	(26,37)
e0070000248a2b10	(5.5 6.581791)	(27,37)
e0070000248a2ac5	(5.7 6.581791)	(28,37)
e0070000248a2964	(5.9 6.581791)	(29,37)
e0070000248a2ada	(0.2 6.754996)	(0,38)
e0070000248a2a13	(0.4 6.754996)	(1,38)
e0070000248a2965	(0.6 6.754996)	(2,38)
e0070000248a2adf	(0.8 6.754996)	(3,38)
e0070000248a2b09	(1.0 6.754996)	(4,38)
e0070000248a2a9f	(1.2 6.754996)	(5,38)
e0070000248a2a17	(1.4 6.754996)	(6,38)
e0070000248a29d4	(1.6 6.754996)	(7,38)
e0070000248a29f4	(1.8 6.754996)	(8,38)
e0070000248a2a16	(2.0 6.754996)	(9,38)
e0070000248a29f0	(2.2 6.754996)	(10,38)
e0070000248a2a03	(2.4 6.754996)	(11,38)
e0070000248a29ca	(2.6 6.754996)	(12,38)
e0070000248a2983	(2.8 6.754996)	(13,38)
e0070000248a29ce	(3.0 6.754996)	(14,38)
e0070000248a2a10	(3.2 6.754996)	(15,38)
e0070000248a2a04	(3.4 6.754996)	(16,38)
e0070000248a2a0f	(3.6 6.754996)	(17,38)
e0070000248a2d5c	(3.8 6.754996)	(18,38)
e0070000248a2a05	(4.0 6.754996)	(19,38)
e0070000248a2a01	(4.2 6.754996)	(20,38)
e0070000248a2a02	(4.4 6.754996)	(21,38)
e0070000248a2a70	(4.6 6.754996)	(22,38)
e0070000248a2b03	(4.8 6.754996)	(23,38)
e0070000248a29a1	(5.0 6.754996)	(24,38)
e0070000248a2b00	(5.2 6.754996)	(25,38)
e0070000248a29bf	(5.4 6.754996)	(26,38)
e0070000248a2b02	(5.6 6.754996)	(27,38)
e0070000248a29c3	(5.8 6.754996)	(28,38)
e0070000248a2aff	(0.1 6.9282007)	(0,39)
e0070000248a29b8	(0.3 6.9282007)	(1,39)
e0070000248a2afe	(0.5 6.9282007)	(2,39)
e0070000248a299f	(0.7 6.9282007)	(3,39)
e0070000248a2afd	(0.9 6.9282007)	(4,39)
e0070000248a29ab	(1.1 6.9282007)	(5,39)
e0070000248a29b0	(1.3 6.9282007)	(6,39)
e0070000248a2a0e	(1.5 6.9282007)	(7,39)
e0070000248a29f6	(1.7 6.9282007)	(8,39)
e0070000248a2a07	(1.9 6.9282007)	(9,39)
e0070000248a2d8c	(2.1 6.9282007)	(10,39)
e0070000248a2d89	(2.3 6.9282007)	(11,39)
e0070000248a2d87	(2.5 6.9282007)	(12,39)
e0070000248a2d86	(2.7 6.9282007)	(13,39)
e0070000248a2af7	(2.9 6.9282007)	(14,39)
e0070000248a2af6	(3.1 6.9282007)	(15,39)
e0070000248a2af5	(3.3 6.9282007)	(16,39)
e0070000248a2d83	(3.5 6.9282007)	(17,39)
e0070000248a2aa1	(3.7 6.9282007)	(18,39)
e0070000248a2af4	(3.9 6.9282007)	(19,39)
e0070000248a2d7c	(4.1 6.9282007)	(20,39)
e0070000248a2d7b	(4.3 6.9282007)	(21,39)
e0070000248a2d5b	(4.5 6.9282007)	(22,39)
e0070000248a2d66	(4.7 6.9282007)	(23,39)
e0070000248a2d81	(4.9 6.9282007)	(24,39)
e0070000248a29dd	(5.1 6.9282007)	(25,39)
e0070000248a2d77	(5.3 6.9282007)	(26,39)
e0070000248a2ab6	(5.5 6.9282007)	(27,39)
e0070000248a2d7a	(5.7 6.9282007)	(28,39)
e0070000248a2d73	(5.9 6.9282007)	(29,39)
e0070000248a2aeb	(0.2 7.1014056)	(0,40)
e0070000248a2d72	(0.4 7.1014056)	(1,40)
e0070000248a2d6e	(0.6 7.1014056)	(2,40)
e0070000248a2aaa	(0.8 7.1014056)	(3,40)
e0070000248a2a74	(1.0 7.1014056)	(4,40)
e0070000248a2d6b	(1.2 7.1014056)	(5,40)
e0070000248a2a73	(1.4 7.1014056)	(6,40)
e0070000248a2d6d	(1.6 7.1014056)	(7,40)
e0070000248a2d6f	(1.8 7.1014056)	(8,40)
e0070000248a2a72	(2.0 7.1014056)	(9,40)
e0070000248a2d6a	(2.2 7.1014056)	(10,40)
e0070000248a2d68	(2.4 7.1014056)	(11,40)
e0070000248a2d60	(2.6 7.1014056)	(12,40)
e0070000248a2d67	(2.8 7.1014056)	(13,40)
e0070000248a2d85	(3.0 7.1014056)	(14,40)
e0070000248a2aa7	(3.2 7.1014056)	(15,40)
e0070000248a2d65	(3.4 7.1014056)	(16,40)
e0070000248a29c7	(3.6 7.1014056)	(17,40)
e0070000248a2a06	(3.8 7.1014056)	(18,40)
e0070000248a29ef	(4.0 7.1014056)	(19,40)
e0070000248a2aae	(4.2 7.1014056)	(20,40)
e0070000248a29c0	(4.4 7.1014056)	(21,40)
e0070000248a29fc	(4.6 7.1014056)	(22,40)
e0070000248a2aab	(4.8 7.1014056)	(23,40)
e0070000248a29a9	(5.0 7.1014056)	(24,40)
e0070000248a29a3	(5.2 7.1014056)	(25,40)
e0070000248a29b7	(5.4 7.1014056)	(26,40)
e0070000248a29b6	(5.6 7.1014056)	(27,40)
e0070000248a29be	(5.8 7.1014056)	(28,40)
x	(0.1 7.2746105)	(0,41)
x	(0.3 7.2746105)	(1,41)
x	(0.5 7.2746105)	(2,41)
e0070000248a2d7e	(0.7 7.2746105)	(3,41)
e0070000248a29bb	(0.9 7.2746105)	(4,41)
e0070000248a2d78	(1.1 7.2746105)	(5,41)
e0070000248a29f5	(1.3 7.2746105)	(6,41)
e0070000248a2d80	(1.5 7.2746105)	(7,41)
e0070000248a2d69	(1.7 7.2746105)	(8,41)
e0070000248a2a18	(1.9 7.2746105)	(9,41)
e0070000248a2a19	(2.1 7.2746105)	(10,41)
e0070000248a2a1a	(2.3 7.2746105)	(11,41)
e0070000248a2a15	(2.5 7.2746105)	(12,41)
e0070000248a2967	(2.7 7.2746105)	(13,41)
e0070000248a2a6e	(2.9 7.2746105)	(14,41)
e0070000248a2d6c	(3.1 7.2746105)	(15,41)
e0070000248a29df	(3.3 7.2746105)	(16,41)
e0070000248a299a	(3.5 7.2746105)	(17,41)
e0070000248a2a1d	(3.7 7.2746105)	(18,41)
e0070000248a2d64	(3.9 7.2746105)	(19,41)
e0070000248a297d	(4.1 7.2746105)	(20,41)
e0070000248a2969	(4.3 7.2746105)	(21,41)
e0070000248a29b3	(4.5 7.2746105)	(22,41)
e0070000248a2a1b	(4.7 7.2746105)	(23,41)
e0070000248a2a1c	(4.9 7.2746105)	(24,41)
e0070000248a2af1	(5.1 7.2746105)	(25,41)
e0070000248a2af0	(5.3 7.2746105)	(26,41)
e0070000248a2aee	(5.5 7.2746105)	(27,41)
e0070000248a2aef	(5.7 7.2746105)	(28,41)
e0070000248a2aed	(5.9 7.2746105)	(29,41)
x	(0.2 7.4478154)	(0,42)
x	(0.4 7.4478154)	(1,42)
e0070000248a2d63	(0.6 7.4478154)	(2,42)
e0070000248a2d62	(0.8 7.4478154)	(3,42)
e0070000248a2d5f	(1.0 7.4478154)	(4,42)
e0070000248a2987	(1.2 7.4478154)	(5,42)
e0070000248a298a	(1.4 7.4478154)	(6,42)
e0070000248a2988	(1.6 7.4478154)	(7,42)
e0070000248a2968	(1.8 7.4478154)	(8,42)
e0070000248a2977	(2.0 7.4478154)	(9,42)
e0070000248a2982	(2.2 7.4478154)	(10,42)
e0070000248a2989	(2.4 7.4478154)	(11,42)
e0070000248a2966	(2.6 7.4478154)	(12,42)
e0070000248a2bca	(2.8 7.4478154)	(13,42)
e0070000248a2981	(3.0 7.4478154)	(14,42)
e0070000248a297f	(3.2 7.4478154)	(15,42)
e0070000248a2b53	(3.4 7.4478154)	(16,42)
e0070000248a297e	(3.6 7.4478154)	(17,42)
e0070000248a297c	(3.8 7.4478154)	(18,42)
e0070000248a2980	(4.0 7.4478154)	(19,42)
e0070000248a297b	(4.2 7.4478154)	(20,42)
e0070000248a2979	(4.4 7.4478154)	(21,42)
e0070000248a2976	(4.6 7.4478154)	(22,42)
e0070000248a2975	(4.8 7.4478154)	(23,42)
e0070000248a2b56	(5.0 7.4478154)	(24,42)
e0070000248a2b52	(5.2 7.4478154)	(25,42)
e0070000248a2b54	(5.4 7.4478154)	(26,42)
e0070000248a2b55	(5.6 7.4478154)	(27,42)
e0070000248a2b5c	(5.8 7.4478154)	(28,42)
x	(0.1 7.6210203)	(0,43)
x	(0.3 7.6210203)	(1,43)
x	(0.5 7.6210203)	(2,43)
e0070000248a2984	(0.7 7.6210203)	(3,43)
e0070000248a2986	(0.9 7.6210203)	(4,43)
e0070000248a2985	(1.1 7.6210203)	(5,43)
e0070000248a2bc9	(1.3 7.6210203)	(6,43)
e0070000248a2b8f	(1.5 7.6210203)	(7,43)
e0070000248a2b90	(1.7 7.6210203)	(8,43)
e0070000248a2b8c	(1.9 7.6210203)	(9,43)
e0070000248a2bab	(2.1 7.6210203)	(10,43)
e0070000248a2bcf	(2.3 7.6210203)	(11,43)
e0070000248a2b57	(2.5 7.6210203)	(12,43)
e0070000248a2bce	(2.7 7.6210203)	(13,43)
e0070000248a2bd1	(2.9 7.6210203)	(14,43)
e0070000248a2bd5	(3.1 7.6210203)	(15,43)
e0070000248a2b87	(3.3 7.6210203)	(16,43)
e0070000248a2bc3	(3.5 7.6210203)	(17,43)
e0070000248a2bd3	(3.7 7.6210203)	(18,43)
e0070000248a2bd4	(3.9 7.6210203)	(19,43)
e0070000248a2b76	(4.1 7.6210203)	(20,43)
e0070000248a2b78	(4.3 7.6210203)	(21,43)
e0070000248a2b79	(4.5 7.6210203)	(22,43)
e0070000248a2b7e	(4.7 7.6210203)	(23,43)
e0070000248a2b69	(4.9 7.6210203)	(24,43)
e0070000248a2b7d	(5.1 7.6210203)	(25,43)
e0070000248a2b97	(5.3 7.6210203)	(26,43)
e0070000248a2b8d	(5.5 7.6210203)	(27,43)
e0070000248a2b7f	(5.7 7.6210203)	(28,43)
e0070000248a2b93	(5.9 7.6210203)	(29,43)
x	(0.2 7.7942257)	(0,44)
x	(0.4 7.7942257)	(1,44)
e0070000248a2b88	(0.6 7.7942257)	(2,44)
e0070000248a2b99	(0.8 7.7942257)	(3,44)
e0070000248a2b82	(1.0 7.7942257)	(4,44)
e0070000248a2b7b	(1.2 7.7942257)	(5,44)
e0070000248a2b80	(1.4 7.7942257)	(6,44)
e0070000248a2b81	(1.6 7.7942257)	(7,44)
e0070000248a2b83	(1.8 7.7942257)	(8,44)
e0070000248a2b86	(2.0 7.7942257)	(9,44)
e0070000248a2b84	(2.2 7.7942257)	(10,44)
e0070000248a2b95	(2.4 7.7942257)	(11,44)
e0070000248a2b89	(2.6 7.7942257)	(12,44)
e0070000248a2b91	(2.8 7.7942257)	(13,44)
e0070000248a2b94	(3.0 7.7942257)	(14,44)
e0070000248a2b9b	(3.2 7.7942257)	(15,44)
e0070000248a2b98	(3.4 7.7942257)	(16,44)
e0070000248a2b9d	(3.6 7.7942257)	(17,44)
e0070000248a2ba0	(3.8 7.7942257)	(18,44)
e0070000248a2b9f	(4.0 7.7942257)	(19,44)
e0070000248a2ba8	(4.2 7.7942257)	(20,44)
e0070000248a2ba4	(4.4 7.7942257)	(21,44)
e0070000248a2ba1	(4.6 7.7942257)	(22,44)
e0070000248a2b96	(4.8 7.7942257)	(23,44)
e0070000248a2bac	(5.0 7.7942257)	(24,44)
e0070000248a2bb5	(5.2 7.7942257)	(25,44)
e0070000248a2bb3	(5.4 7.7942257)	(26,44)
e0070000248a2bb7	(5.6 7.7942257)	(27,44)
e0070000248a2bb8	(5.8 7.7942257)	(28,44)
x	(0.1 7.9674306)	(0,45)
x	(0.3 7.9674306)	(1,45)
x	(0.5 7.9674306)	(2,45)
e0070000248a2b9a	(0.7 7.9674306)	(3,45)
e0070000248a2bb4	(0.9 7.9674306)	(4,45)
e0070000248a2bc5	(1.1 7.9674306)	(5,45)
e0070000248a2bb6	(1.3 7.9674306)	(6,45)
e0070000248a2baa	(1.5 7.9674306)	(7,45)
e0070000248a2ba2	(1.7 7.9674306)	(8,45)
e0070000248a2ba5	(1.9 7.9674306)	(9,45)
e0070000248a2ba7	(2.1 7.9674306)	(10,45)
e0070000248a2ba6	(2.3 7.9674306)	(11,45)
e0070000248a2bae	(2.5 7.9674306)	(12,45)
e0070000248a2ba9	(2.7 7.9674306)	(13,45)
e0070000248a2bad	(2.9 7.9674306)	(14,45)
e0070000248a2bb2	(3.1 7.9674306)	(15,45)
e0070000248a2bba	(3.3 7.9674306)	(16,45)
e0070000248a2bbb	(3.5 7.9674306)	(17,45)
e0070000248a2bc4	(3.7 7.9674306)	(18,45)
e0070000248a2bb0	(3.9 7.9674306)	(19,45)
e0070000248a2bb9	(4.1 7.9674306)	(20,45)
e0070000248a2bbc	(4.3 7.9674306)	(21,45)
e0070000248a2bbe	(4.5 7.9674306)	(22,45)
e0070000248a2bc6	(4.7 7.9674306)	(23,45)
e0070000248a2bc7	(4.9 7.9674306)	(24,45)
e0070000248a2bcc	(5.1 7.9674306)	(25,45)
e0070000248a2bcd	(5.3 7.9674306)	(26,45)
e0070000248a2bc0	(5.5 7.9674306)	(27,45)
e0070000248a2bb1	(5.7 7.9674306)	(28,45)
e0070000248a2b66	(5.9 7.9674306)	(29,45)
x	(0.2 8.1406355)	(0,46)
x	(0.4 8.1406355)	(1,46)
e0070000248a2b65	(0.6 8.1406355)	(2,46)
e0070000248a2b5d	(0.8 8.1406355)	(3,46)
e0070000248a2b5b	(1.0 8.1406355)	(4,46)
e0070000248a2b5a	(1.2 8.1406355)	(5,46)
e0070000248a2b58	(1.4 8.1406355)	(6,46)
e0070000248a2bbf	(1.6 8.1406355)	(7,46)
e0070000248a2bcb	(1.8 8.1406355)	(8,46)
e0070000248a2bc2	(2.0 8.1406355)	(9,46)
e0070000248a2b59	(2.2 8.1406355)	(10,46)
e0070000248a2b64	(2.4 8.1406355)	(11,46)
e0070000248a2b63	(2.6 8.1406355)	(12,46)
e0070000248a2b60	(2.8 8.1406355)	(13,46)
e0070000248a2bef	(3.0 8.1406355)	(14,46)
e0070000248a2be1	(3.2 8.1406355)	(15,46)
e0070000248a2bd6	(3.4 8.1406355)	(16,46)
e0070000248a2c39	(3.6 8.1406355)	(17,46)
e0070000248a2c30	(3.8 8.1406355)	(18,46)
e0070000248a2b8e	(4.0 8.1406355)	(19,46)
e0070000248a2c33	(4.2 8.1406355)	(20,46)
e0070000248a2b5f	(4.4 8.1406355)	(21,46)
e0070000248a2baf	(4.6 8.1406355)	(22,46)
e0070000248a2b67	(4.8 8.1406355)	(23,46)
e0070000248a2b6d	(5.0 8.1406355)	(24,46)
e0070000248a2b68	(5.2 8.1406355)	(25,46)
e0070000248a2b5e	(5.4 8.1406355)	(26,46)
e0070000248a2b9c	(5.6 8.1406355)	(27,46)
e0070000248a2ba3	(5.8 8.1406355)	(28,46)
x	(0.1 8.31384)	(0,47)
x	(0.3 8.31384)	(1,47)
x	(0.5 8.31384)	(2,47)
e0070000248a2b6a	(0.7 8.31384)	(3,47)
e0070000248a2b8a	(0.9 8.31384)	(4,47)
e0070000248a2b74	(1.1 8.31384)	(5,47)
e0070000248a2b6f	(1.3 8.31384)	(6,47)
e0070000248a2b85	(1.5 8.31384)	(7,47)
e0070000248a2b72	(1.7 8.31384)	(8,47)
e0070000248a2b8b	(1.9 8.31384)	(9,47)
e0070000248a2b6e	(2.1 8.31384)	(10,47)
e0070000248a2b6b	(2.3 8.31384)	(11,47)
e0070000248a2b62	(2.5 8.31384)	(12,47)
e0070000248a2b92	(2.7 8.31384)	(13,47)
e0070000248a2b7a	(2.9 8.31384)	(14,47)
e0070000248a2b61	(3.1 8.31384)	(15,47)
e0070000248a2b9e	(3.3 8.31384)	(16,47)
e0070000248a2bc1	(3.5 8.31384)	(17,47)
e0070000248a2bbd	(3.7 8.31384)	(18,47)
e0070000248a2bc8	(3.9 8.31384)	(19,47)
e0070000248a2bd2	(4.1 8.31384)	(20,47)
e0070000248a2bd0	(4.3 8.31384)	(21,47)
e0070000248a2b7c	(4.5 8.31384)	(22,47)
e0070000248a2b77	(4.7 8.31384)	(23,47)
e0070000248a2c36	(4.9 8.31384)	(24,47)
e0070000248a2c35	(5.1 8.31384)	(25,47)
e0070000248a2c34	(5.3 8.31384)	(26,47)
e0070000248a2c31	(5.5 8.31384)	(27,47)
e0070000248a2b75	(5.7 8.31384)	(28,47)
e0070000248a2c0e	(5.9 8.31384)	(29,47)
x	(0.2 8.487045)	(0,48)
x	(0.4 8.487045)	(1,48)
e0070000248a2b70	(0.6 8.487045)	(2,48)
e0070000248a2c25	(0.8 8.487045)	(3,48)
e0070000248a2bdc	(1.0 8.487045)	(4,48)
e0070000248a2be7	(1.2 8.487045)	(5,48)
e0070000248a2b71	(1.4 8.487045)	(6,48)
e0070000248a2be5	(1.6 8.487045)	(7,48)
e0070000248a2b6c	(1.8 8.487045)	(8,48)
e0070000248a2bea	(2.0 8.487045)	(9,48)
e0070000248a2beb	(2.2 8.487045)	(10,48)
e0070000248a2bd7	(2.4 8.487045)	(11,48)
e0070000248a2bec	(2.6 8.487045)	(12,48)
e0070000248a2bf3	(2.8 8.487045)	(13,48)
e0070000248a2bee	(3.0 8.487045)	(14,48)
e0070000248a2bf4	(3.2 8.487045)	(15,48)
e0070000248a2bf7	(3.4 8.487045)	(16,48)
e0070000248a2bd8	(3.6 8.487045)	(17,48)
e0070000248a2bff	(3.8 8.487045)	(18,48)
e0070000248a2c00	(4.0 8.487045)	(19,48)
e0070000248a2bfa	(4.2 8.487045)	(20,48)
e0070000248a2c08	(4.4 8.487045)	(21,48)
e0070000248a2c02	(4.6 8.487045)	(22,48)
e0070000248a2bf1	(4.8 8.487045)	(23,48)
e0070000248a2bf2	(5.0 8.487045)	(24,48)
e0070000248a2bf5	(5.2 8.487045)	(25,48)
e0070000248a2bf9	(5.4 8.487045)	(26,48)
e0070000248a2c0d	(5.6 8.487045)	(27,48)
e0070000248a2bf6	(5.8 8.487045)	(28,48)
x	(0.1 8.660251)	(0,49)
x	(0.3 8.660251)	(1,49)
x	(0.5 8.660251)	(2,49)
e0070000248a2bfb	(0.7 8.660251)	(3,49)
e0070000248a2bfc	(0.9 8.660251)	(4,49)
e0070000248a2c03	(1.1 8.660251)	(5,49)
e0070000248a2c0f	(1.3 8.660251)	(6,49)
e0070000248a2bfd	(1.5 8.660251)	(7,49)
e0070000248a2c10	(1.7 8.660251)	(8,49)
e0070000248a2c01	(1.9 8.660251)	(9,49)
e0070000248a2c05	(2.1 8.660251)	(10,49)
e0070000248a2c06	(2.3 8.660251)	(11,49)
e0070000248a2c07	(2.5 8.660251)	(12,49)
e0070000248a2c11	(2.7 8.660251)	(13,49)
e0070000248a2c13	(2.9 8.660251)	(14,49)
e0070000248a2c15	(3.1 8.660251)	(15,49)
e0070000248a2c17	(3.3 8.660251)	(16,49)
e0070000248a2c18	(3.5 8.660251)	(17,49)
e0070000248a2c19	(3.7 8.660251)	(18,49)
e0070000248a2c0b	(3.9 8.660251)	(19,49)
e0070000248a2c21	(4.1 8.660251)	(20,49)
e0070000248a2bf8	(4.3 8.660251)	(21,49)
e0070000248a2bf0	(4.5 8.660251)	(22,49)
e0070000248a2c1a	(4.7 8.660251)	(23,49)
e0070000248a2c1b	(4.9 8.660251)	(24,49)
e0070000248a2c20	(5.1 8.660251)	(25,49)
e0070000248a2c22	(5.3 8.660251)	(26,49)
e0070000248a2c28	(5.5 8.660251)	(27,49)
e0070000248a2c2f	(5.7 8.660251)	(28,49)
e0070000248a2c29	(5.9 8.660251)	(29,49)
x	(0.2 8.833455)	(0,50)
x	(0.4 8.833455)	(1,50)
x	(0.6 8.833455)	(2,50)
x	(0.8 8.833455)	(3,50)
x	(1.0 8.833455)	(4,50)
x	(1.2 8.833455)	(5,50)
x	(1.4 8.833455)	(6,50)
x	(1.6 8.833455)	(7,50)
x	(1.8 8.833455)	(8,50)
x	(2.0 8.833455)	(9,50)
x	(2.2 8.833455)	(10,50)
x	(2.4 8.833455)	(11,50)
e0070000248a2c1f	(2.6 8.833455)	(12,50)
e0070000248a2c1d	(2.8 8.833455)	(13,50)
e0070000248a2c09	(3.0 8.833455)	(14,50)
e0070000248a2c14	(3.2 8.833455)	(15,50)
e0070000248a2c23	(3.4 8.833455)	(16,50)
e0070000248a2c1c	(3.6 8.833455)	(17,50)
e0070000248a2c04	(3.8 8.833455)	(18,50)
e0070000248a2c12	(4.0 8.833455)	(19,50)
e0070000248a2bfe	(4.2 8.833455)	(20,50)
e0070000248a2c0c	(4.4 8.833455)	(21,50)
e0070000248a2c0a	(4.6 8.833455)	(22,50)
e0070000248a2c2b	(4.8 8.833455)	(23,50)
e0070000248a2c2a	(5.0 8.833455)	(24,50)
e0070000248a2c2d	(5.2 8.833455)	(25,50)
e0070000248a2c2e	(5.4 8.833455)	(26,50)
e0070000248a2c38	(5.6 8.833455)	(27,50)
e0070000248a2be8	(5.8 8.833455)	(28,50)
x	(0.1 9.00666)	(0,51)
x	(0.3 9.00666)	(1,51)
x	(0.5 9.00666)	(2,51)
x	(0.7 9.00666)	(3,51)
x	(0.9 9.00666)	(4,51)
x	(1.1 9.00666)	(5,51)
x	(1.3 9.00666)	(6,51)
x	(1.5 9.00666)	(7,51)
x	(1.7 9.00666)	(8,51)
x	(1.9 9.00666)	(9,51)
x	(2.1 9.00666)	(10,51)
x	(2.3 9.00666)	(11,51)
x	(2.5 9.00666)	(12,51)
e0070000248a2c27	(2.7 9.00666)	(13,51)
e0070000248a2be4	(2.9 9.00666)	(14,51)
e0070000248a2bdb	(3.1 9.00666)	(15,51)
e0070000248a2be2	(3.3 9.00666)	(16,51)
e0070000248a2bdf	(3.5 9.00666)	(17,51)
e0070000248a2be3	(3.7 9.00666)	(18,51)
e0070000248a2c2c	(3.9 9.00666)	(19,51)
e0070000248a2bda	(4.1 9.00666)	(20,51)
e0070000248a2bde	(4.3 9.00666)	(21,51)
e0070000248a2c32	(4.5 9.00666)	(22,51)
e0070000248a2be0	(4.7 9.00666)	(23,51)
e0070000248a2bdd	(4.9 9.00666)	(24,51)
e0070000248a2bd9	(5.1 9.00666)	(25,51)
e0070000248a2be6	(5.3 9.00666)	(26,51)
e0070000248a2c26	(5.5 9.00666)	(27,51)
e0070000248a2be9	(5.7 9.00666)	(28,51)
e0070000248a2c4d	(5.9 9.00666)	(29,51)
x	(0.2 9.179865)	(0,52)
x	(0.4 9.179865)	(1,52)
x	(0.6 9.179865)	(2,52)
x	(0.8 9.179865)	(3,52)
x	(1.0 9.179865)	(4,52)
x	(1.2 9.179865)	(5,52)
x	(1.4 9.179865)	(6,52)
x	(1.6 9.179865)	(7,52)
x	(1.8 9.179865)	(8,52)
x	(2.0 9.179865)	(9,52)
x	(2.2 9.179865)	(10,52)
x	(2.4 9.179865)	(11,52)
e0070000248a2bed	(2.6 9.179865)	(12,52)
e0070000248a2c8e	(2.8 9.179865)	(13,52)
e0070000248a2c99	(3.0 9.179865)	(14,52)
e0070000248a2c91	(3.2 9.179865)	(15,52)
e0070000248a2c9b	(3.4 9.179865)	(16,52)
e0070000248a2c9c	(3.6 9.179865)	(17,52)
e0070000248a2c3d	(3.8 9.179865)	(18,52)
e0070000248a2c4c	(4.0 9.179865)	(19,52)
e0070000248a2c3a	(4.2 9.179865)	(20,52)
e0070000248a2c9a	(4.4 9.179865)	(21,52)
e0070000248a2c24	(4.6 9.179865)	(22,52)
e0070000248a2c64	(4.8 9.179865)	(23,52)
e0070000248a2c57	(5.0 9.179865)	(24,52)
e0070000248a2c58	(5.2 9.179865)	(25,52)
e0070000248a2c16	(5.4 9.179865)	(26,52)
e0070000248a2c5f	(5.6 9.179865)	(27,52)
e0070000248a2c56	(5.8 9.179865)	(28,52)
