*	(0.2 0.17320508)	(0,0)
*	(0.4 0.17320508)	(1,0)
*	(0.6 0.17320508)	(2,0)
*	(0.8 0.17320508)	(3,0)
*	(1.0 0.17320508)	(4,0)
*	(1.2 0.17320508)	(5,0)
*	(1.4 0.17320508)	(6,0)
*	(1.6 0.17320508)	(7,0)
*	(1.8 0.17320508)	(8,0)
*	(2.0 0.17320508)	(9,0)
*	(2.2 0.17320508)	(10,0)
*	(2.4 0.17320508)	(11,0)
*	(2.6 0.17320508)	(12,0)
*	(2.8 0.17320508)	(13,0)
*	(3.0 0.17320508)	(14,0)
*	(3.2 0.17320508)	(15,0)
*	(3.4 0.17320508)	(16,0)
*	(3.6 0.17320508)	(17,0)
*	(3.8 0.17320508)	(18,0)
*	(4.0 0.17320508)	(19,0)
*	(4.2 0.17320508)	(20,0)
*	(4.4 0.17320508)	(21,0)
*	(4.6 0.17320508)	(22,0)
*	(4.8 0.17320508)	(23,0)
*	(5.0 0.17320508)	(24,0)
*	(5.2 0.17320508)	(25,0)
*	(5.4 0.17320508)	(26,0)
*	(5.6 0.17320508)	(27,0)
*	(5.8 0.17320508)	(28,0)
*	(0.1 0.34641016)	(0,1)
*	(0.3 0.34641016)	(1,1)
*	(0.5 0.34641016)	(2,1)
*	(0.7 0.34641016)	(3,1)
*	(0.9 0.34641016)	(4,1)
*	(1.1 0.34641016)	(5,1)
*	(1.3 0.34641016)	(6,1)
*	(1.5 0.34641016)	(7,1)
*	(1.7 0.34641016)	(8,1)
*	(1.9 0.34641016)	(9,1)
*	(2.1 0.34641016)	(10,1)
*	(2.3 0.34641016)	(11,1)
*	(2.5 0.34641016)	(12,1)
*	(2.7 0.34641016)	(13,1)
*	(2.9 0.34641016)	(14,1)
*	(3.1 0.34641016)	(15,1)
*	(3.3 0.34641016)	(16,1)
*	(3.5 0.34641016)	(17,1)
*	(3.7 0.34641016)	(18,1)
*	(3.9 0.34641016)	(19,1)
*	(4.1 0.34641016)	(20,1)
*	(4.3 0.34641016)	(21,1)
*	(4.5 0.34641016)	(22,1)
*	(4.7 0.34641016)	(23,1)
*	(4.9 0.34641016)	(24,1)
*	(5.1 0.34641016)	(25,1)
*	(5.3 0.34641016)	(26,1)
*	(5.5 0.34641016)	(27,1)
*	(5.7 0.34641016)	(28,1)
*	(5.9 0.34641016)	(29,1)
*	(0.2 0.51961523)	(0,2)
*	(0.4 0.51961523)	(1,2)
*	(0.6 0.51961523)	(2,2)
*	(0.8 0.51961523)	(3,2)
*	(1.0 0.51961523)	(4,2)
*	(1.2 0.51961523)	(5,2)
*	(1.4 0.51961523)	(6,2)
*	(1.6 0.51961523)	(7,2)
*	(1.8 0.51961523)	(8,2)
*	(2.0 0.51961523)	(9,2)
*	(2.2 0.51961523)	(10,2)
*	(2.4 0.51961523)	(11,2)
*	(2.6 0.51961523)	(12,2)
*	(2.8 0.51961523)	(13,2)
*	(3.0 0.51961523)	(14,2)
*	(3.2 0.51961523)	(15,2)
*	(3.4 0.51961523)	(16,2)
*	(3.6 0.51961523)	(17,2)
*	(3.8 0.51961523)	(18,2)
*	(4.0 0.51961523)	(19,2)
*	(4.2 0.51961523)	(20,2)
*	(4.4 0.51961523)	(21,2)
*	(4.6 0.51961523)	(22,2)
*	(4.8 0.51961523)	(23,2)
*	(5.0 0.51961523)	(24,2)
*	(5.2 0.51961523)	(25,2)
*	(5.4 0.51961523)	(26,2)
*	(5.6 0.51961523)	(27,2)
*	(5.8 0.51961523)	(28,2)
*	(0.1 0.6928203)	(0,3)
*	(0.3 0.6928203)	(1,3)
*	(0.5 0.6928203)	(2,3)
*	(0.7 0.6928203)	(3,3)
*	(0.9 0.6928203)	(4,3)
*	(1.1 0.6928203)	(5,3)
*	(1.3 0.6928203)	(6,3)
*	(1.5 0.6928203)	(7,3)
*	(1.7 0.6928203)	(8,3)
*	(1.9 0.6928203)	(9,3)
*	(2.1 0.6928203)	(10,3)
*	(2.3 0.6928203)	(11,3)
*	(2.5 0.6928203)	(12,3)
*	(2.7 0.6928203)	(13,3)
*	(2.9 0.6928203)	(14,3)
*	(3.1 0.6928203)	(15,3)
*	(3.3 0.6928203)	(16,3)
*	(3.5 0.6928203)	(17,3)
*	(3.7 0.6928203)	(18,3)
*	(3.9 0.6928203)	(19,3)
*	(4.1 0.6928203)	(20,3)
*	(4.3 0.6928203)	(21,3)
*	(4.5 0.6928203)	(22,3)
*	(4.7 0.6928203)	(23,3)
*	(4.9 0.6928203)	(24,3)
*	(5.1 0.6928203)	(25,3)
*	(5.3 0.6928203)	(26,3)
*	(5.5 0.6928203)	(27,3)
*	(5.7 0.6928203)	(28,3)
*	(5.9 0.6928203)	(29,3)
*	(0.2 0.8660254)	(0,4)
*	(0.4 0.8660254)	(1,4)
*	(0.6 0.8660254)	(2,4)
*	(0.8 0.8660254)	(3,4)
*	(1.0 0.8660254)	(4,4)
*	(1.2 0.8660254)	(5,4)
*	(1.4 0.8660254)	(6,4)
*	(1.6 0.8660254)	(7,4)
*	(1.8 0.8660254)	(8,4)
*	(2.0 0.8660254)	(9,4)
*	(2.2 0.8660254)	(10,4)
*	(2.4 0.8660254)	(11,4)
*	(2.6 0.8660254)	(12,4)
*	(2.8 0.8660254)	(13,4)
*	(3.0 0.8660254)	(14,4)
*	(3.2 0.8660254)	(15,4)
*	(3.4 0.8660254)	(16,4)
*	(3.6 0.8660254)	(17,4)
*	(3.8 0.8660254)	(18,4)
*	(4.0 0.8660254)	(19,4)
*	(4.2 0.8660254)	(20,4)
*	(4.4 0.8660254)	(21,4)
*	(4.6 0.8660254)	(22,4)
*	(4.8 0.8660254)	(23,4)
*	(5.0 0.8660254)	(24,4)
*	(5.2 0.8660254)	(25,4)
*	(5.4 0.8660254)	(26,4)
*	(5.6 0.8660254)	(27,4)
*	(5.8 0.8660254)	(28,4)
*	(0.1 1.0392305)	(0,5)
*	(0.3 1.0392305)	(1,5)
*	(0.5 1.0392305)	(2,5)
*	(0.7 1.0392305)	(3,5)
*	(0.9 1.0392305)	(4,5)
*	(1.1 1.0392305)	(5,5)
*	(1.3 1.0392305)	(6,5)
*	(1.5 1.0392305)	(7,5)
*	(1.7 1.0392305)	(8,5)
*	(1.9 1.0392305)	(9,5)
*	(2.1 1.0392305)	(10,5)
*	(2.3 1.0392305)	(11,5)
*	(2.5 1.0392305)	(12,5)
*	(2.7 1.0392305)	(13,5)
*	(2.9 1.0392305)	(14,5)
*	(3.1 1.0392305)	(15,5)
*	(3.3 1.0392305)	(16,5)
*	(3.5 1.0392305)	(17,5)
*	(3.7 1.0392305)	(18,5)
*	(3.9 1.0392305)	(19,5)
*	(4.1 1.0392305)	(20,5)
*	(4.3 1.0392305)	(21,5)
*	(4.5 1.0392305)	(22,5)
*	(4.7 1.0392305)	(23,5)
*	(4.9 1.0392305)	(24,5)
*	(5.1 1.0392305)	(25,5)
*	(5.3 1.0392305)	(26,5)
*	(5.5 1.0392305)	(27,5)
*	(5.7 1.0392305)	(28,5)
*	(5.9 1.0392305)	(29,5)
*	(0.2 1.2124356)	(0,6)
*	(0.4 1.2124356)	(1,6)
*	(0.6 1.2124356)	(2,6)
*	(0.8 1.2124356)	(3,6)
*	(1.0 1.2124356)	(4,6)
*	(1.2 1.2124356)	(5,6)
*	(1.4 1.2124356)	(6,6)
*	(1.6 1.2124356)	(7,6)
*	(1.8 1.2124356)	(8,6)
*	(2.0 1.2124356)	(9,6)
*	(2.2 1.2124356)	(10,6)
*	(2.4 1.2124356)	(11,6)
*	(2.6 1.2124356)	(12,6)
*	(2.8 1.2124356)	(13,6)
*	(3.0 1.2124356)	(14,6)
*	(3.2 1.2124356)	(15,6)
*	(3.4 1.2124356)	(16,6)
*	(3.6 1.2124356)	(17,6)
*	(3.8 1.2124356)	(18,6)
*	(4.0 1.2124356)	(19,6)
*	(4.2 1.2124356)	(20,6)
*	(4.4 1.2124356)	(21,6)
*	(4.6 1.2124356)	(22,6)
*	(4.8 1.2124356)	(23,6)
*	(5.0 1.2124356)	(24,6)
*	(5.2 1.2124356)	(25,6)
*	(5.4 1.2124356)	(26,6)
*	(5.6 1.2124356)	(27,6)
*	(5.8 1.2124356)	(28,6)
*	(0.1 1.3856407)	(0,7)
*	(0.3 1.3856407)	(1,7)
*	(0.5 1.3856407)	(2,7)
*	(0.7 1.3856407)	(3,7)
*	(0.9 1.3856407)	(4,7)
*	(1.1 1.3856407)	(5,7)
*	(1.3 1.3856407)	(6,7)
*	(1.5 1.3856407)	(7,7)
*	(1.7 1.3856407)	(8,7)
*	(1.9 1.3856407)	(9,7)
*	(2.1 1.3856407)	(10,7)
*	(2.3 1.3856407)	(11,7)
*	(2.5 1.3856407)	(12,7)
*	(2.7 1.3856407)	(13,7)
*	(2.9 1.3856407)	(14,7)
*	(3.1 1.3856407)	(15,7)
*	(3.3 1.3856407)	(16,7)
*	(3.5 1.3856407)	(17,7)
*	(3.7 1.3856407)	(18,7)
*	(3.9 1.3856407)	(19,7)
*	(4.1 1.3856407)	(20,7)
*	(4.3 1.3856407)	(21,7)
*	(4.5 1.3856407)	(22,7)
*	(4.7 1.3856407)	(23,7)
*	(4.9 1.3856407)	(24,7)
*	(5.1 1.3856407)	(25,7)
*	(5.3 1.3856407)	(26,7)
*	(5.5 1.3856407)	(27,7)
*	(5.7 1.3856407)	(28,7)
*	(5.9 1.3856407)	(29,7)
*	(0.2 1.5588459)	(0,8)
*	(0.4 1.5588459)	(1,8)
*	(0.6 1.5588459)	(2,8)
*	(0.8 1.5588459)	(3,8)
*	(1.0 1.5588459)	(4,8)
*	(1.2 1.5588459)	(5,8)
*	(1.4 1.5588459)	(6,8)
*	(1.6 1.5588459)	(7,8)
*	(1.8 1.5588459)	(8,8)
*	(2.0 1.5588459)	(9,8)
*	(2.2 1.5588459)	(10,8)
*	(2.4 1.5588459)	(11,8)
*	(2.6 1.5588459)	(12,8)
*	(2.8 1.5588459)	(13,8)
*	(3.0 1.5588459)	(14,8)
*	(3.2 1.5588459)	(15,8)
*	(3.4 1.5588459)	(16,8)
*	(3.6 1.5588459)	(17,8)
*	(3.8 1.5588459)	(18,8)
*	(4.0 1.5588459)	(19,8)
*	(4.2 1.5588459)	(20,8)
*	(4.4 1.5588459)	(21,8)
*	(4.6 1.5588459)	(22,8)
*	(4.8 1.5588459)	(23,8)
*	(5.0 1.5588459)	(24,8)
*	(5.2 1.5588459)	(25,8)
*	(5.4 1.5588459)	(26,8)
*	(5.6 1.5588459)	(27,8)
*	(5.8 1.5588459)	(28,8)
*	(0.1 1.7320509)	(0,9)
*	(0.3 1.7320509)	(1,9)
*	(0.5 1.7320509)	(2,9)
*	(0.7 1.7320509)	(3,9)
*	(0.9 1.7320509)	(4,9)
*	(1.1 1.7320509)	(5,9)
*	(1.3 1.7320509)	(6,9)
*	(1.5 1.7320509)	(7,9)
*	(1.7 1.7320509)	(8,9)
*	(1.9 1.7320509)	(9,9)
*	(2.1 1.7320509)	(10,9)
*	(2.3 1.7320509)	(11,9)
*	(2.5 1.7320509)	(12,9)
*	(2.7 1.7320509)	(13,9)
*	(2.9 1.7320509)	(14,9)
*	(3.1 1.7320509)	(15,9)
*	(3.3 1.7320509)	(16,9)
*	(3.5 1.7320509)	(17,9)
*	(3.7 1.7320509)	(18,9)
*	(3.9 1.7320509)	(19,9)
*	(4.1 1.7320509)	(20,9)
*	(4.3 1.7320509)	(21,9)
*	(4.5 1.7320509)	(22,9)
*	(4.7 1.7320509)	(23,9)
*	(4.9 1.7320509)	(24,9)
*	(5.1 1.7320509)	(25,9)
*	(5.3 1.7320509)	(26,9)
*	(5.5 1.7320509)	(27,9)
*	(5.7 1.7320509)	(28,9)
*	(5.9 1.7320509)	(29,9)
*	(0.2 1.905256)	(0,10)
*	(0.4 1.905256)	(1,10)
*	(0.6 1.905256)	(2,10)
*	(0.8 1.905256)	(3,10)
*	(1.0 1.905256)	(4,10)
*	(1.2 1.905256)	(5,10)
*	(1.4 1.905256)	(6,10)
*	(1.6 1.905256)	(7,10)
*	(1.8 1.905256)	(8,10)
*	(2.0 1.905256)	(9,10)
*	(2.2 1.905256)	(10,10)
*	(2.4 1.905256)	(11,10)
*	(2.6 1.905256)	(12,10)
*	(2.8 1.905256)	(13,10)
*	(3.0 1.905256)	(14,10)
*	(3.2 1.905256)	(15,10)
*	(3.4 1.905256)	(16,10)
*	(3.6 1.905256)	(17,10)
*	(3.8 1.905256)	(18,10)
*	(4.0 1.905256)	(19,10)
*	(4.2 1.905256)	(20,10)
*	(4.4 1.905256)	(21,10)
*	(4.6 1.905256)	(22,10)
*	(4.8 1.905256)	(23,10)
*	(5.0 1.905256)	(24,10)
*	(5.2 1.905256)	(25,10)
*	(5.4 1.905256)	(26,10)
*	(5.6 1.905256)	(27,10)
*	(5.8 1.905256)	(28,10)
*	(0.1 2.0784612)	(0,11)
*	(0.3 2.0784612)	(1,11)
*	(0.5 2.0784612)	(2,11)
*	(0.7 2.0784612)	(3,11)
*	(0.9 2.0784612)	(4,11)
*	(1.1 2.0784612)	(5,11)
*	(1.3 2.0784612)	(6,11)
*	(1.5 2.0784612)	(7,11)
*	(1.7 2.0784612)	(8,11)
*	(1.9 2.0784612)	(9,11)
*	(2.1 2.0784612)	(10,11)
*	(2.3 2.0784612)	(11,11)
*	(2.5 2.0784612)	(12,11)
*	(2.7 2.0784612)	(13,11)
*	(2.9 2.0784612)	(14,11)
*	(3.1 2.0784612)	(15,11)
*	(3.3 2.0784612)	(16,11)
*	(3.5 2.0784612)	(17,11)
*	(3.7 2.0784612)	(18,11)
*	(3.9 2.0784612)	(19,11)
*	(4.1 2.0784612)	(20,11)
*	(4.3 2.0784612)	(21,11)
*	(4.5 2.0784612)	(22,11)
*	(4.7 2.0784612)	(23,11)
*	(4.9 2.0784612)	(24,11)
*	(5.1 2.0784612)	(25,11)
*	(5.3 2.0784612)	(26,11)
*	(5.5 2.0784612)	(27,11)
*	(5.7 2.0784612)	(28,11)
*	(5.9 2.0784612)	(29,11)
*	(0.2 2.2516663)	(0,12)
*	(0.4 2.2516663)	(1,12)
*	(0.6 2.2516663)	(2,12)
*	(0.8 2.2516663)	(3,12)
*	(1.0 2.2516663)	(4,12)
*	(1.2 2.2516663)	(5,12)
*	(1.4 2.2516663)	(6,12)
*	(1.6 2.2516663)	(7,12)
*	(1.8 2.2516663)	(8,12)
*	(2.0 2.2516663)	(9,12)
*	(2.2 2.2516663)	(10,12)
*	(2.4 2.2516663)	(11,12)
*	(2.6 2.2516663)	(12,12)
*	(2.8 2.2516663)	(13,12)
*	(3.0 2.2516663)	(14,12)
*	(3.2 2.2516663)	(15,12)
*	(3.4 2.2516663)	(16,12)
*	(3.6 2.2516663)	(17,12)
*	(3.8 2.2516663)	(18,12)
*	(4.0 2.2516663)	(19,12)
*	(4.2 2.2516663)	(20,12)
*	(4.4 2.2516663)	(21,12)
*	(4.6 2.2516663)	(22,12)
*	(4.8 2.2516663)	(23,12)
*	(5.0 2.2516663)	(24,12)
*	(5.2 2.2516663)	(25,12)
*	(5.4 2.2516663)	(26,12)
*	(5.6 2.2516663)	(27,12)
*	(5.8 2.2516663)	(28,12)
*	(0.1 2.4248714)	(0,13)
*	(0.3 2.4248714)	(1,13)
*	(0.5 2.4248714)	(2,13)
*	(0.7 2.4248714)	(3,13)
*	(0.9 2.4248714)	(4,13)
*	(1.1 2.4248714)	(5,13)
*	(1.3 2.4248714)	(6,13)
*	(1.5 2.4248714)	(7,13)
*	(1.7 2.4248714)	(8,13)
*	(1.9 2.4248714)	(9,13)
*	(2.1 2.4248714)	(10,13)
*	(2.3 2.4248714)	(11,13)
*	(2.5 2.4248714)	(12,13)
*	(2.7 2.4248714)	(13,13)
*	(2.9 2.4248714)	(14,13)
*	(3.1 2.4248714)	(15,13)
*	(3.3 2.4248714)	(16,13)
*	(3.5 2.4248714)	(17,13)
*	(3.7 2.4248714)	(18,13)
*	(3.9 2.4248714)	(19,13)
*	(4.1 2.4248714)	(20,13)
*	(4.3 2.4248714)	(21,13)
*	(4.5 2.4248714)	(22,13)
*	(4.7 2.4248714)	(23,13)
*	(4.9 2.4248714)	(24,13)
*	(5.1 2.4248714)	(25,13)
*	(5.3 2.4248714)	(26,13)
*	(5.5 2.4248714)	(27,13)
*	(5.7 2.4248714)	(28,13)
*	(5.9 2.4248714)	(29,13)
*	(0.2 2.5980766)	(0,14)
*	(0.4 2.5980766)	(1,14)
*	(0.6 2.5980766)	(2,14)
*	(0.8 2.5980766)	(3,14)
*	(1.0 2.5980766)	(4,14)
*	(1.2 2.5980766)	(5,14)
*	(1.4 2.5980766)	(6,14)
*	(1.6 2.5980766)	(7,14)
*	(1.8 2.5980766)	(8,14)
*	(2.0 2.5980766)	(9,14)
*	(2.2 2.5980766)	(10,14)
*	(2.4 2.5980766)	(11,14)
*	(2.6 2.5980766)	(12,14)
*	(2.8 2.5980766)	(13,14)
*	(3.0 2.5980766)	(14,14)
*	(3.2 2.5980766)	(15,14)
*	(3.4 2.5980766)	(16,14)
*	(3.6 2.5980766)	(17,14)
*	(3.8 2.5980766)	(18,14)
*	(4.0 2.5980766)	(19,14)
*	(4.2 2.5980766)	(20,14)
*	(4.4 2.5980766)	(21,14)
*	(4.6 2.5980766)	(22,14)
*	(4.8 2.5980766)	(23,14)
*	(5.0 2.5980766)	(24,14)
*	(5.2 2.5980766)	(25,14)
*	(5.4 2.5980766)	(26,14)
*	(5.6 2.5980766)	(27,14)
*	(5.8 2.5980766)	(28,14)
*	(0.1 2.7712815)	(0,15)
*	(0.3 2.7712815)	(1,15)
*	(0.5 2.7712815)	(2,15)
*	(0.7 2.7712815)	(3,15)
*	(0.9 2.7712815)	(4,15)
*	(1.1 2.7712815)	(5,15)
*	(1.3 2.7712815)	(6,15)
*	(1.5 2.7712815)	(7,15)
*	(1.7 2.7712815)	(8,15)
*	(1.9 2.7712815)	(9,15)
*	(2.1 2.7712815)	(10,15)
*	(2.3 2.7712815)	(11,15)
*	(2.5 2.7712815)	(12,15)
*	(2.7 2.7712815)	(13,15)
*	(2.9 2.7712815)	(14,15)
*	(3.1 2.7712815)	(15,15)
*	(3.3 2.7712815)	(16,15)
*	(3.5 2.7712815)	(17,15)
*	(3.7 2.7712815)	(18,15)
*	(3.9 2.7712815)	(19,15)
*	(4.1 2.7712815)	(20,15)
*	(4.3 2.7712815)	(21,15)
*	(4.5 2.7712815)	(22,15)
*	(4.7 2.7712815)	(23,15)
*	(4.9 2.7712815)	(24,15)
*	(5.1 2.7712815)	(25,15)
*	(5.3 2.7712815)	(26,15)
*	(5.5 2.7712815)	(27,15)
*	(5.7 2.7712815)	(28,15)
*	(5.9 2.7712815)	(29,15)
*	(0.2 2.9444864)	(0,16)
*	(0.4 2.9444864)	(1,16)
*	(0.6 2.9444864)	(2,16)
*	(0.8 2.9444864)	(3,16)
*	(1.0 2.9444864)	(4,16)
*	(1.2 2.9444864)	(5,16)
*	(1.4 2.9444864)	(6,16)
*	(1.6 2.9444864)	(7,16)
*	(1.8 2.9444864)	(8,16)
*	(2.0 2.9444864)	(9,16)
*	(2.2 2.9444864)	(10,16)
*	(2.4 2.9444864)	(11,16)
*	(2.6 2.9444864)	(12,16)
*	(2.8 2.9444864)	(13,16)
*	(3.0 2.9444864)	(14,16)
*	(3.2 2.9444864)	(15,16)
*	(3.4 2.9444864)	(16,16)
*	(3.6 2.9444864)	(17,16)
*	(3.8 2.9444864)	(18,16)
*	(4.0 2.9444864)	(19,16)
*	(4.2 2.9444864)	(20,16)
*	(4.4 2.9444864)	(21,16)
*	(4.6 2.9444864)	(22,16)
*	(4.8 2.9444864)	(23,16)
*	(5.0 2.9444864)	(24,16)
*	(5.2 2.9444864)	(25,16)
*	(5.4 2.9444864)	(26,16)
*	(5.6 2.9444864)	(27,16)
*	(5.8 2.9444864)	(28,16)
*	(0.1 3.1176913)	(0,17)
*	(0.3 3.1176913)	(1,17)
*	(0.5 3.1176913)	(2,17)
*	(0.7 3.1176913)	(3,17)
*	(0.9 3.1176913)	(4,17)
*	(1.1 3.1176913)	(5,17)
*	(1.3 3.1176913)	(6,17)
*	(1.5 3.1176913)	(7,17)
*	(1.7 3.1176913)	(8,17)
*	(1.9 3.1176913)	(9,17)
*	(2.1 3.1176913)	(10,17)
*	(2.3 3.1176913)	(11,17)
*	(2.5 3.1176913)	(12,17)
*	(2.7 3.1176913)	(13,17)
*	(2.9 3.1176913)	(14,17)
*	(3.1 3.1176913)	(15,17)
*	(3.3 3.1176913)	(16,17)
*	(3.5 3.1176913)	(17,17)
*	(3.7 3.1176913)	(18,17)
*	(3.9 3.1176913)	(19,17)
*	(4.1 3.1176913)	(20,17)
*	(4.3 3.1176913)	(21,17)
*	(4.5 3.1176913)	(22,17)
*	(4.7 3.1176913)	(23,17)
*	(4.9 3.1176913)	(24,17)
*	(5.1 3.1176913)	(25,17)
*	(5.3 3.1176913)	(26,17)
*	(5.5 3.1176913)	(27,17)
*	(5.7 3.1176913)	(28,17)
*	(5.9 3.1176913)	(29,17)
*	(0.2 3.2908964)	(0,18)
*	(0.4 3.2908964)	(1,18)
*	(0.6 3.2908964)	(2,18)
*	(0.8 3.2908964)	(3,18)
*	(1.0 3.2908964)	(4,18)
*	(1.2 3.2908964)	(5,18)
*	(1.4 3.2908964)	(6,18)
*	(1.6 3.2908964)	(7,18)
*	(1.8 3.2908964)	(8,18)
*	(2.0 3.2908964)	(9,18)
*	(2.2 3.2908964)	(10,18)
*	(2.4 3.2908964)	(11,18)
*	(2.6 3.2908964)	(12,18)
*	(2.8 3.2908964)	(13,18)
*	(3.0 3.2908964)	(14,18)
*	(3.2 3.2908964)	(15,18)
*	(3.4 3.2908964)	(16,18)
*	(3.6 3.2908964)	(17,18)
*	(3.8 3.2908964)	(18,18)
*	(4.0 3.2908964)	(19,18)
*	(4.2 3.2908964)	(20,18)
*	(4.4 3.2908964)	(21,18)
*	(4.6 3.2908964)	(22,18)
*	(4.8 3.2908964)	(23,18)
*	(5.0 3.2908964)	(24,18)
*	(5.2 3.2908964)	(25,18)
*	(5.4 3.2908964)	(26,18)
*	(5.6 3.2908964)	(27,18)
*	(5.8 3.2908964)	(28,18)
*	(0.1 3.4641013)	(0,19)
*	(0.3 3.4641013)	(1,19)
*	(0.5 3.4641013)	(2,19)
*	(0.7 3.4641013)	(3,19)
*	(0.9 3.4641013)	(4,19)
*	(1.1 3.4641013)	(5,19)
*	(1.3 3.4641013)	(6,19)
*	(1.5 3.4641013)	(7,19)
*	(1.7 3.4641013)	(8,19)
*	(1.9 3.4641013)	(9,19)
*	(2.1 3.4641013)	(10,19)
*	(2.3 3.4641013)	(11,19)
*	(2.5 3.4641013)	(12,19)
*	(2.7 3.4641013)	(13,19)
*	(2.9 3.4641013)	(14,19)
*	(3.1 3.4641013)	(15,19)
*	(3.3 3.4641013)	(16,19)
*	(3.5 3.4641013)	(17,19)
*	(3.7 3.4641013)	(18,19)
*	(3.9 3.4641013)	(19,19)
*	(4.1 3.4641013)	(20,19)
*	(4.3 3.4641013)	(21,19)
*	(4.5 3.4641013)	(22,19)
*	(4.7 3.4641013)	(23,19)
*	(4.9 3.4641013)	(24,19)
*	(5.1 3.4641013)	(25,19)
*	(5.3 3.4641013)	(26,19)
*	(5.5 3.4641013)	(27,19)
*	(5.7 3.4641013)	(28,19)
*	(5.9 3.4641013)	(29,19)
*	(0.2 3.6373062)	(0,20)
*	(0.4 3.6373062)	(1,20)
*	(0.6 3.6373062)	(2,20)
*	(0.8 3.6373062)	(3,20)
*	(1.0 3.6373062)	(4,20)
*	(1.2 3.6373062)	(5,20)
*	(1.4 3.6373062)	(6,20)
*	(1.6 3.6373062)	(7,20)
*	(1.8 3.6373062)	(8,20)
*	(2.0 3.6373062)	(9,20)
*	(2.2 3.6373062)	(10,20)
*	(2.4 3.6373062)	(11,20)
*	(2.6 3.6373062)	(12,20)
*	(2.8 3.6373062)	(13,20)
*	(3.0 3.6373062)	(14,20)
*	(3.2 3.6373062)	(15,20)
*	(3.4 3.6373062)	(16,20)
*	(3.6 3.6373062)	(17,20)
*	(3.8 3.6373062)	(18,20)
*	(4.0 3.6373062)	(19,20)
*	(4.2 3.6373062)	(20,20)
*	(4.4 3.6373062)	(21,20)
*	(4.6 3.6373062)	(22,20)
*	(4.8 3.6373062)	(23,20)
*	(5.0 3.6373062)	(24,20)
*	(5.2 3.6373062)	(25,20)
*	(5.4 3.6373062)	(26,20)
*	(5.6 3.6373062)	(27,20)
*	(5.8 3.6373062)	(28,20)
*	(0.1 3.810511)	(0,21)
*	(0.3 3.810511)	(1,21)
*	(0.5 3.810511)	(2,21)
*	(0.7 3.810511)	(3,21)
*	(0.9 3.810511)	(4,21)
*	(1.1 3.810511)	(5,21)
*	(1.3 3.810511)	(6,21)
*	(1.5 3.810511)	(7,21)
*	(1.7 3.810511)	(8,21)
*	(1.9 3.810511)	(9,21)
*	(2.1 3.810511)	(10,21)
*	(2.3 3.810511)	(11,21)
*	(2.5 3.810511)	(12,21)
*	(2.7 3.810511)	(13,21)
*	(2.9 3.810511)	(14,21)
*	(3.1 3.810511)	(15,21)
*	(3.3 3.810511)	(16,21)
*	(3.5 3.810511)	(17,21)
*	(3.7 3.810511)	(18,21)
*	(3.9 3.810511)	(19,21)
*	(4.1 3.810511)	(20,21)
*	(4.3 3.810511)	(21,21)
*	(4.5 3.810511)	(22,21)
*	(4.7 3.810511)	(23,21)
*	(4.9 3.810511)	(24,21)
*	(5.1 3.810511)	(25,21)
*	(5.3 3.810511)	(26,21)
*	(5.5 3.810511)	(27,21)
*	(5.7 3.810511)	(28,21)
*	(5.9 3.810511)	(29,21)
*	(0.2 3.983716)	(0,22)
*	(0.4 3.983716)	(1,22)
*	(0.6 3.983716)	(2,22)
*	(0.8 3.983716)	(3,22)
*	(1.0 3.983716)	(4,22)
*	(1.2 3.983716)	(5,22)
*	(1.4 3.983716)	(6,22)
*	(1.6 3.983716)	(7,22)
*	(1.8 3.983716)	(8,22)
*	(2.0 3.983716)	(9,22)
*	(2.2 3.983716)	(10,22)
*	(2.4 3.983716)	(11,22)
*	(2.6 3.983716)	(12,22)
*	(2.8 3.983716)	(13,22)
*	(3.0 3.983716)	(14,22)
*	(3.2 3.983716)	(15,22)
*	(3.4 3.983716)	(16,22)
*	(3.6 3.983716)	(17,22)
*	(3.8 3.983716)	(18,22)
*	(4.0 3.983716)	(19,22)
*	(4.2 3.983716)	(20,22)
*	(4.4 3.983716)	(21,22)
*	(4.6 3.983716)	(22,22)
*	(4.8 3.983716)	(23,22)
*	(5.0 3.983716)	(24,22)
*	(5.2 3.983716)	(25,22)
*	(5.4 3.983716)	(26,22)
*	(5.6 3.983716)	(27,22)
*	(5.8 3.983716)	(28,22)
*	(0.1 4.156921)	(0,23)
*	(0.3 4.156921)	(1,23)
*	(0.5 4.156921)	(2,23)
*	(0.7 4.156921)	(3,23)
*	(0.9 4.156921)	(4,23)
*	(1.1 4.156921)	(5,23)
*	(1.3 4.156921)	(6,23)
*	(1.5 4.156921)	(7,23)
*	(1.7 4.156921)	(8,23)
*	(1.9 4.156921)	(9,23)
*	(2.1 4.156921)	(10,23)
*	(2.3 4.156921)	(11,23)
*	(2.5 4.156921)	(12,23)
*	(2.7 4.156921)	(13,23)
*	(2.9 4.156921)	(14,23)
*	(3.1 4.156921)	(15,23)
*	(3.3 4.156921)	(16,23)
*	(3.5 4.156921)	(17,23)
*	(3.7 4.156921)	(18,23)
*	(3.9 4.156921)	(19,23)
*	(4.1 4.156921)	(20,23)
*	(4.3 4.156921)	(21,23)
*	(4.5 4.156921)	(22,23)
*	(4.7 4.156921)	(23,23)
*	(4.9 4.156921)	(24,23)
*	(5.1 4.156921)	(25,23)
*	(5.3 4.156921)	(26,23)
*	(5.5 4.156921)	(27,23)
*	(5.7 4.156921)	(28,23)
*	(5.9 4.156921)	(29,23)
*	(0.2 4.330126)	(0,24)
*	(0.4 4.330126)	(1,24)
*	(0.6 4.330126)	(2,24)
*	(0.8 4.330126)	(3,24)
*	(1.0 4.330126)	(4,24)
*	(1.2 4.330126)	(5,24)
*	(1.4 4.330126)	(6,24)
*	(1.6 4.330126)	(7,24)
*	(1.8 4.330126)	(8,24)
*	(2.0 4.330126)	(9,24)
*	(2.2 4.330126)	(10,24)
*	(2.4 4.330126)	(11,24)
*	(2.6 4.330126)	(12,24)
*	(2.8 4.330126)	(13,24)
*	(3.0 4.330126)	(14,24)
*	(3.2 4.330126)	(15,24)
*	(3.4 4.330126)	(16,24)
*	(3.6 4.330126)	(17,24)
*	(3.8 4.330126)	(18,24)
*	(4.0 4.330126)	(19,24)
*	(4.2 4.330126)	(20,24)
*	(4.4 4.330126)	(21,24)
*	(4.6 4.330126)	(22,24)
*	(4.8 4.330126)	(23,24)
*	(5.0 4.330126)	(24,24)
*	(5.2 4.330126)	(25,24)
*	(5.4 4.330126)	(26,24)
*	(5.6 4.330126)	(27,24)
*	(5.8 4.330126)	(28,24)
*	(0.1 4.503331)	(0,25)
*	(0.3 4.503331)	(1,25)
*	(0.5 4.503331)	(2,25)
*	(0.7 4.503331)	(3,25)
*	(0.9 4.503331)	(4,25)
*	(1.1 4.503331)	(5,25)
*	(1.3 4.503331)	(6,25)
*	(1.5 4.503331)	(7,25)
*	(1.7 4.503331)	(8,25)
*	(1.9 4.503331)	(9,25)
*	(2.1 4.503331)	(10,25)
*	(2.3 4.503331)	(11,25)
*	(2.5 4.503331)	(12,25)
*	(2.7 4.503331)	(13,25)
*	(2.9 4.503331)	(14,25)
*	(3.1 4.503331)	(15,25)
*	(3.3 4.503331)	(16,25)
*	(3.5 4.503331)	(17,25)
*	(3.7 4.503331)	(18,25)
*	(3.9 4.503331)	(19,25)
*	(4.1 4.503331)	(20,25)
*	(4.3 4.503331)	(21,25)
*	(4.5 4.503331)	(22,25)
*	(4.7 4.503331)	(23,25)
*	(4.9 4.503331)	(24,25)
*	(5.1 4.503331)	(25,25)
*	(5.3 4.503331)	(26,25)
*	(5.5 4.503331)	(27,25)
*	(5.7 4.503331)	(28,25)
*	(5.9 4.503331)	(29,25)
*	(0.2 4.676536)	(0,26)
*	(0.4 4.676536)	(1,26)
*	(0.6 4.676536)	(2,26)
*	(0.8 4.676536)	(3,26)
*	(1.0 4.676536)	(4,26)
*	(1.2 4.676536)	(5,26)
*	(1.4 4.676536)	(6,26)
*	(1.6 4.676536)	(7,26)
*	(1.8 4.676536)	(8,26)
*	(2.0 4.676536)	(9,26)
*	(2.2 4.676536)	(10,26)
*	(2.4 4.676536)	(11,26)
*	(2.6 4.676536)	(12,26)
*	(2.8 4.676536)	(13,26)
*	(3.0 4.676536)	(14,26)
*	(3.2 4.676536)	(15,26)
*	(3.4 4.676536)	(16,26)
*	(3.6 4.676536)	(17,26)
*	(3.8 4.676536)	(18,26)
*	(4.0 4.676536)	(19,26)
*	(4.2 4.676536)	(20,26)
*	(4.4 4.676536)	(21,26)
*	(4.6 4.676536)	(22,26)
*	(4.8 4.676536)	(23,26)
*	(5.0 4.676536)	(24,26)
*	(5.2 4.676536)	(25,26)
*	(5.4 4.676536)	(26,26)
*	(5.6 4.676536)	(27,26)
*	(5.8 4.676536)	(28,26)
*	(0.1 4.849741)	(0,27)
*	(0.3 4.849741)	(1,27)
*	(0.5 4.849741)	(2,27)
*	(0.7 4.849741)	(3,27)
*	(0.9 4.849741)	(4,27)
*	(1.1 4.849741)	(5,27)
*	(1.3 4.849741)	(6,27)
*	(1.5 4.849741)	(7,27)
*	(1.7 4.849741)	(8,27)
*	(1.9 4.849741)	(9,27)
*	(2.1 4.849741)	(10,27)
*	(2.3 4.849741)	(11,27)
*	(2.5 4.849741)	(12,27)
*	(2.7 4.849741)	(13,27)
*	(2.9 4.849741)	(14,27)
*	(3.1 4.849741)	(15,27)
*	(3.3 4.849741)	(16,27)
*	(3.5 4.849741)	(17,27)
*	(3.7 4.849741)	(18,27)
*	(3.9 4.849741)	(19,27)
*	(4.1 4.849741)	(20,27)
*	(4.3 4.849741)	(21,27)
*	(4.5 4.849741)	(22,27)
*	(4.7 4.849741)	(23,27)
*	(4.9 4.849741)	(24,27)
*	(5.1 4.849741)	(25,27)
*	(5.3 4.849741)	(26,27)
*	(5.5 4.849741)	(27,27)
*	(5.7 4.849741)	(28,27)
*	(5.9 4.849741)	(29,27)
*	(0.2 5.022946)	(0,28)
*	(0.4 5.022946)	(1,28)
*	(0.6 5.022946)	(2,28)
*	(0.8 5.022946)	(3,28)
*	(1.0 5.022946)	(4,28)
*	(1.2 5.022946)	(5,28)
*	(1.4 5.022946)	(6,28)
*	(1.6 5.022946)	(7,28)
*	(1.8 5.022946)	(8,28)
*	(2.0 5.022946)	(9,28)
*	(2.2 5.022946)	(10,28)
*	(2.4 5.022946)	(11,28)
*	(2.6 5.022946)	(12,28)
*	(2.8 5.022946)	(13,28)
*	(3.0 5.022946)	(14,28)
*	(3.2 5.022946)	(15,28)
*	(3.4 5.022946)	(16,28)
*	(3.6 5.022946)	(17,28)
*	(3.8 5.022946)	(18,28)
*	(4.0 5.022946)	(19,28)
*	(4.2 5.022946)	(20,28)
*	(4.4 5.022946)	(21,28)
*	(4.6 5.022946)	(22,28)
*	(4.8 5.022946)	(23,28)
*	(5.0 5.022946)	(24,28)
*	(5.2 5.022946)	(25,28)
*	(5.4 5.022946)	(26,28)
*	(5.6 5.022946)	(27,28)
*	(5.8 5.022946)	(28,28)
*	(0.1 5.1961513)	(0,29)
*	(0.3 5.1961513)	(1,29)
*	(0.5 5.1961513)	(2,29)
*	(0.7 5.1961513)	(3,29)
*	(0.9 5.1961513)	(4,29)
*	(1.1 5.1961513)	(5,29)
*	(1.3 5.1961513)	(6,29)
*	(1.5 5.1961513)	(7,29)
*	(1.7 5.1961513)	(8,29)
*	(1.9 5.1961513)	(9,29)
*	(2.1 5.1961513)	(10,29)
*	(2.3 5.1961513)	(11,29)
*	(2.5 5.1961513)	(12,29)
*	(2.7 5.1961513)	(13,29)
*	(2.9 5.1961513)	(14,29)
*	(3.1 5.1961513)	(15,29)
*	(3.3 5.1961513)	(16,29)
*	(3.5 5.1961513)	(17,29)
*	(3.7 5.1961513)	(18,29)
*	(3.9 5.1961513)	(19,29)
*	(4.1 5.1961513)	(20,29)
*	(4.3 5.1961513)	(21,29)
*	(4.5 5.1961513)	(22,29)
*	(4.7 5.1961513)	(23,29)
*	(4.9 5.1961513)	(24,29)
*	(5.1 5.1961513)	(25,29)
*	(5.3 5.1961513)	(26,29)
*	(5.5 5.1961513)	(27,29)
*	(5.7 5.1961513)	(28,29)
*	(5.9 5.1961513)	(29,29)
*	(0.2 5.369356)	(0,30)
*	(0.4 5.369356)	(1,30)
*	(0.6 5.369356)	(2,30)
*	(0.8 5.369356)	(3,30)
*	(1.0 5.369356)	(4,30)
*	(1.2 5.369356)	(5,30)
*	(1.4 5.369356)	(6,30)
*	(1.6 5.369356)	(7,30)
*	(1.8 5.369356)	(8,30)
*	(2.0 5.369356)	(9,30)
*	(2.2 5.369356)	(10,30)
*	(2.4 5.369356)	(11,30)
*	(2.6 5.369356)	(12,30)
*	(2.8 5.369356)	(13,30)
*	(3.0 5.369356)	(14,30)
*	(3.2 5.369356)	(15,30)
*	(3.4 5.369356)	(16,30)
*	(3.6 5.369356)	(17,30)
*	(3.8 5.369356)	(18,30)
*	(4.0 5.369356)	(19,30)
*	(4.2 5.369356)	(20,30)
*	(4.4 5.369356)	(21,30)
*	(4.6 5.369356)	(22,30)
*	(4.8 5.369356)	(23,30)
*	(5.0 5.369356)	(24,30)
*	(5.2 5.369356)	(25,30)
*	(5.4 5.369356)	(26,30)
*	(5.6 5.369356)	(27,30)
*	(5.8 5.369356)	(28,30)
*	(0.1 5.542561)	(0,31)
*	(0.3 5.542561)	(1,31)
*	(0.5 5.542561)	(2,31)
*	(0.7 5.542561)	(3,31)
*	(0.9 5.542561)	(4,31)
*	(1.1 5.542561)	(5,31)
*	(1.3 5.542561)	(6,31)
*	(1.5 5.542561)	(7,31)
*	(1.7 5.542561)	(8,31)
*	(1.9 5.542561)	(9,31)
*	(2.1 5.542561)	(10,31)
*	(2.3 5.542561)	(11,31)
*	(2.5 5.542561)	(12,31)
*	(2.7 5.542561)	(13,31)
*	(2.9 5.542561)	(14,31)
*	(3.1 5.542561)	(15,31)
*	(3.3 5.542561)	(16,31)
*	(3.5 5.542561)	(17,31)
*	(3.7 5.542561)	(18,31)
*	(3.9 5.542561)	(19,31)
*	(4.1 5.542561)	(20,31)
*	(4.3 5.542561)	(21,31)
*	(4.5 5.542561)	(22,31)
*	(4.7 5.542561)	(23,31)
*	(4.9 5.542561)	(24,31)
*	(5.1 5.542561)	(25,31)
*	(5.3 5.542561)	(26,31)
*	(5.5 5.542561)	(27,31)
*	(5.7 5.542561)	(28,31)
*	(5.9 5.542561)	(29,31)
*	(0.2 5.715766)	(0,32)
*	(0.4 5.715766)	(1,32)
*	(0.6 5.715766)	(2,32)
*	(0.8 5.715766)	(3,32)
*	(1.0 5.715766)	(4,32)
*	(1.2 5.715766)	(5,32)
*	(1.4 5.715766)	(6,32)
*	(1.6 5.715766)	(7,32)
*	(1.8 5.715766)	(8,32)
*	(2.0 5.715766)	(9,32)
*	(2.2 5.715766)	(10,32)
*	(2.4 5.715766)	(11,32)
*	(2.6 5.715766)	(12,32)
*	(2.8 5.715766)	(13,32)
*	(3.0 5.715766)	(14,32)
*	(3.2 5.715766)	(15,32)
*	(3.4 5.715766)	(16,32)
*	(3.6 5.715766)	(17,32)
*	(3.8 5.715766)	(18,32)
*	(4.0 5.715766)	(19,32)
*	(4.2 5.715766)	(20,32)
*	(4.4 5.715766)	(21,32)
*	(4.6 5.715766)	(22,32)
*	(4.8 5.715766)	(23,32)
*	(5.0 5.715766)	(24,32)
*	(5.2 5.715766)	(25,32)
*	(5.4 5.715766)	(26,32)
*	(5.6 5.715766)	(27,32)
*	(5.8 5.715766)	(28,32)
*	(0.1 5.888971)	(0,33)
*	(0.3 5.888971)	(1,33)
*	(0.5 5.888971)	(2,33)
*	(0.7 5.888971)	(3,33)
*	(0.9 5.888971)	(4,33)
*	(1.1 5.888971)	(5,33)
*	(1.3 5.888971)	(6,33)
*	(1.5 5.888971)	(7,33)
*	(1.7 5.888971)	(8,33)
*	(1.9 5.888971)	(9,33)
*	(2.1 5.888971)	(10,33)
*	(2.3 5.888971)	(11,33)
*	(2.5 5.888971)	(12,33)
*	(2.7 5.888971)	(13,33)
*	(2.9 5.888971)	(14,33)
*	(3.1 5.888971)	(15,33)
*	(3.3 5.888971)	(16,33)
*	(3.5 5.888971)	(17,33)
*	(3.7 5.888971)	(18,33)
*	(3.9 5.888971)	(19,33)
*	(4.1 5.888971)	(20,33)
*	(4.3 5.888971)	(21,33)
*	(4.5 5.888971)	(22,33)
*	(4.7 5.888971)	(23,33)
*	(4.9 5.888971)	(24,33)
*	(5.1 5.888971)	(25,33)
*	(5.3 5.888971)	(26,33)
*	(5.5 5.888971)	(27,33)
*	(5.7 5.888971)	(28,33)
*	(5.9 5.888971)	(29,33)
*	(0.2 6.0621758)	(0,34)
*	(0.4 6.0621758)	(1,34)
*	(0.6 6.0621758)	(2,34)
*	(0.8 6.0621758)	(3,34)
*	(1.0 6.0621758)	(4,34)
*	(1.2 6.0621758)	(5,34)
*	(1.4 6.0621758)	(6,34)
*	(1.6 6.0621758)	(7,34)
*	(1.8 6.0621758)	(8,34)
*	(2.0 6.0621758)	(9,34)
*	(2.2 6.0621758)	(10,34)
*	(2.4 6.0621758)	(11,34)
*	(2.6 6.0621758)	(12,34)
*	(2.8 6.0621758)	(13,34)
*	(3.0 6.0621758)	(14,34)
*	(3.2 6.0621758)	(15,34)
*	(3.4 6.0621758)	(16,34)
*	(3.6 6.0621758)	(17,34)
*	(3.8 6.0621758)	(18,34)
*	(4.0 6.0621758)	(19,34)
*	(4.2 6.0621758)	(20,34)
*	(4.4 6.0621758)	(21,34)
*	(4.6 6.0621758)	(22,34)
*	(4.8 6.0621758)	(23,34)
*	(5.0 6.0621758)	(24,34)
*	(5.2 6.0621758)	(25,34)
*	(5.4 6.0621758)	(26,34)
*	(5.6 6.0621758)	(27,34)
*	(5.8 6.0621758)	(28,34)
*	(0.1 6.2353806)	(0,35)
*	(0.3 6.2353806)	(1,35)
*	(0.5 6.2353806)	(2,35)
*	(0.7 6.2353806)	(3,35)
*	(0.9 6.2353806)	(4,35)
*	(1.1 6.2353806)	(5,35)
*	(1.3 6.2353806)	(6,35)
*	(1.5 6.2353806)	(7,35)
*	(1.7 6.2353806)	(8,35)
*	(1.9 6.2353806)	(9,35)
*	(2.1 6.2353806)	(10,35)
*	(2.3 6.2353806)	(11,35)
*	(2.5 6.2353806)	(12,35)
*	(2.7 6.2353806)	(13,35)
*	(2.9 6.2353806)	(14,35)
*	(3.1 6.2353806)	(15,35)
*	(3.3 6.2353806)	(16,35)
*	(3.5 6.2353806)	(17,35)
*	(3.7 6.2353806)	(18,35)
*	(3.9 6.2353806)	(19,35)
*	(4.1 6.2353806)	(20,35)
*	(4.3 6.2353806)	(21,35)
*	(4.5 6.2353806)	(22,35)
*	(4.7 6.2353806)	(23,35)
*	(4.9 6.2353806)	(24,35)
*	(5.1 6.2353806)	(25,35)
*	(5.3 6.2353806)	(26,35)
*	(5.5 6.2353806)	(27,35)
*	(5.7 6.2353806)	(28,35)
*	(5.9 6.2353806)	(29,35)
*	(0.2 6.408586)	(0,36)
*	(0.4 6.408586)	(1,36)
*	(0.6 6.408586)	(2,36)
*	(0.8 6.408586)	(3,36)
*	(1.0 6.408586)	(4,36)
*	(1.2 6.408586)	(5,36)
*	(1.4 6.408586)	(6,36)
*	(1.6 6.408586)	(7,36)
*	(1.8 6.408586)	(8,36)
*	(2.0 6.408586)	(9,36)
*	(2.2 6.408586)	(10,36)
*	(2.4 6.408586)	(11,36)
*	(2.6 6.408586)	(12,36)
*	(2.8 6.408586)	(13,36)
*	(3.0 6.408586)	(14,36)
*	(3.2 6.408586)	(15,36)
*	(3.4 6.408586)	(16,36)
*	(3.6 6.408586)	(17,36)
*	(3.8 6.408586)	(18,36)
*	(4.0 6.408586)	(19,36)
*	(4.2 6.408586)	(20,36)
*	(4.4 6.408586)	(21,36)
*	(4.6 6.408586)	(22,36)
*	(4.8 6.408586)	(23,36)
*	(5.0 6.408586)	(24,36)
*	(5.2 6.408586)	(25,36)
*	(5.4 6.408586)	(26,36)
*	(5.6 6.408586)	(27,36)
*	(5.8 6.408586)	(28,36)
*	(0.1 6.581791)	(0,37)
*	(0.3 6.581791)	(1,37)
*	(0.5 6.581791)	(2,37)
*	(0.7 6.581791)	(3,37)
*	(0.9 6.581791)	(4,37)
*	(1.1 6.581791)	(5,37)
*	(1.3 6.581791)	(6,37)
*	(1.5 6.581791)	(7,37)
*	(1.7 6.581791)	(8,37)
*	(1.9 6.581791)	(9,37)
*	(2.1 6.581791)	(10,37)
*	(2.3 6.581791)	(11,37)
*	(2.5 6.581791)	(12,37)
*	(2.7 6.581791)	(13,37)
*	(2.9 6.581791)	(14,37)
*	(3.1 6.581791)	(15,37)
*	(3.3 6.581791)	(16,37)
*	(3.5 6.581791)	(17,37)
*	(3.7 6.581791)	(18,37)
*	(3.9 6.581791)	(19,37)
*	(4.1 6.581791)	(20,37)
*	(4.3 6.581791)	(21,37)
*	(4.5 6.581791)	(22,37)
*	(4.7 6.581791)	(23,37)
*	(4.9 6.581791)	(24,37)
*	(5.1 6.581791)	(25,37)
*	(5.3 6.581791)	(26,37)
*	(5.5 6.581791)	(27,37)
*	(5.7 6.581791)	(28,37)
*	(5.9 6.581791)	(29,37)
*	(0.2 6.754996)	(0,38)
*	(0.4 6.754996)	(1,38)
*	(0.6 6.754996)	(2,38)
*	(0.8 6.754996)	(3,38)
*	(1.0 6.754996)	(4,38)
*	(1.2 6.754996)	(5,38)
*	(1.4 6.754996)	(6,38)
*	(1.6 6.754996)	(7,38)
*	(1.8 6.754996)	(8,38)
*	(2.0 6.754996)	(9,38)
*	(2.2 6.754996)	(10,38)
*	(2.4 6.754996)	(11,38)
*	(2.6 6.754996)	(12,38)
*	(2.8 6.754996)	(13,38)
*	(3.0 6.754996)	(14,38)
*	(3.2 6.754996)	(15,38)
*	(3.4 6.754996)	(16,38)
*	(3.6 6.754996)	(17,38)
*	(3.8 6.754996)	(18,38)
*	(4.0 6.754996)	(19,38)
*	(4.2 6.754996)	(20,38)
*	(4.4 6.754996)	(21,38)
*	(4.6 6.754996)	(22,38)
*	(4.8 6.754996)	(23,38)
*	(5.0 6.754996)	(24,38)
*	(5.2 6.754996)	(25,38)
*	(5.4 6.754996)	(26,38)
*	(5.6 6.754996)	(27,38)
*	(5.8 6.754996)	(28,38)
*	(0.1 6.9282007)	(0,39)
*	(0.3 6.9282007)	(1,39)
*	(0.5 6.9282007)	(2,39)
*	(0.7 6.9282007)	(3,39)
*	(0.9 6.9282007)	(4,39)
*	(1.1 6.9282007)	(5,39)
*	(1.3 6.9282007)	(6,39)
*	(1.5 6.9282007)	(7,39)
*	(1.7 6.9282007)	(8,39)
*	(1.9 6.9282007)	(9,39)
*	(2.1 6.9282007)	(10,39)
*	(2.3 6.9282007)	(11,39)
*	(2.5 6.9282007)	(12,39)
*	(2.7 6.9282007)	(13,39)
*	(2.9 6.9282007)	(14,39)
*	(3.1 6.9282007)	(15,39)
*	(3.3 6.9282007)	(16,39)
*	(3.5 6.9282007)	(17,39)
*	(3.7 6.9282007)	(18,39)
*	(3.9 6.9282007)	(19,39)
*	(4.1 6.9282007)	(20,39)
*	(4.3 6.9282007)	(21,39)
*	(4.5 6.9282007)	(22,39)
*	(4.7 6.9282007)	(23,39)
*	(4.9 6.9282007)	(24,39)
*	(5.1 6.9282007)	(25,39)
*	(5.3 6.9282007)	(26,39)
*	(5.5 6.9282007)	(27,39)
*	(5.7 6.9282007)	(28,39)
*	(5.9 6.9282007)	(29,39)
*	(0.2 7.1014056)	(0,40)
*	(0.4 7.1014056)	(1,40)
*	(0.6 7.1014056)	(2,40)
*	(0.8 7.1014056)	(3,40)
*	(1.0 7.1014056)	(4,40)
*	(1.2 7.1014056)	(5,40)
*	(1.4 7.1014056)	(6,40)
*	(1.6 7.1014056)	(7,40)
*	(1.8 7.1014056)	(8,40)
*	(2.0 7.1014056)	(9,40)
*	(2.2 7.1014056)	(10,40)
*	(2.4 7.1014056)	(11,40)
*	(2.6 7.1014056)	(12,40)
*	(2.8 7.1014056)	(13,40)
*	(3.0 7.1014056)	(14,40)
*	(3.2 7.1014056)	(15,40)
*	(3.4 7.1014056)	(16,40)
*	(3.6 7.1014056)	(17,40)
*	(3.8 7.1014056)	(18,40)
*	(4.0 7.1014056)	(19,40)
*	(4.2 7.1014056)	(20,40)
*	(4.4 7.1014056)	(21,40)
*	(4.6 7.1014056)	(22,40)
*	(4.8 7.1014056)	(23,40)
*	(5.0 7.1014056)	(24,40)
*	(5.2 7.1014056)	(25,40)
*	(5.4 7.1014056)	(26,40)
*	(5.6 7.1014056)	(27,40)
*	(5.8 7.1014056)	(28,40)
x	(0.1 7.2746105)	(0,41)
x	(0.3 7.2746105)	(1,41)
x	(0.5 7.2746105)	(2,41)
*	(0.7 7.2746105)	(3,41)
*	(0.9 7.2746105)	(4,41)
*	(1.1 7.2746105)	(5,41)
*	(1.3 7.2746105)	(6,41)
*	(1.5 7.2746105)	(7,41)
*	(1.7 7.2746105)	(8,41)
*	(1.9 7.2746105)	(9,41)
*	(2.1 7.2746105)	(10,41)
*	(2.3 7.2746105)	(11,41)
*	(2.5 7.2746105)	(12,41)
*	(2.7 7.2746105)	(13,41)
*	(2.9 7.2746105)	(14,41)
*	(3.1 7.2746105)	(15,41)
*	(3.3 7.2746105)	(16,41)
*	(3.5 7.2746105)	(17,41)
*	(3.7 7.2746105)	(18,41)
*	(3.9 7.2746105)	(19,41)
*	(4.1 7.2746105)	(20,41)
*	(4.3 7.2746105)	(21,41)
*	(4.5 7.2746105)	(22,41)
*	(4.7 7.2746105)	(23,41)
*	(4.9 7.2746105)	(24,41)
*	(5.1 7.2746105)	(25,41)
*	(5.3 7.2746105)	(26,41)
*	(5.5 7.2746105)	(27,41)
*	(5.7 7.2746105)	(28,41)
*	(5.9 7.2746105)	(29,41)
x	(0.2 7.4478154)	(0,42)
x	(0.4 7.4478154)	(1,42)
*	(0.6 7.4478154)	(2,42)
*	(0.8 7.4478154)	(3,42)
*	(1.0 7.4478154)	(4,42)
*	(1.2 7.4478154)	(5,42)
*	(1.4 7.4478154)	(6,42)
*	(1.6 7.4478154)	(7,42)
*	(1.8 7.4478154)	(8,42)
*	(2.0 7.4478154)	(9,42)
*	(2.2 7.4478154)	(10,42)
*	(2.4 7.4478154)	(11,42)
*	(2.6 7.4478154)	(12,42)
*	(2.8 7.4478154)	(13,42)
*	(3.0 7.4478154)	(14,42)
*	(3.2 7.4478154)	(15,42)
*	(3.4 7.4478154)	(16,42)
*	(3.6 7.4478154)	(17,42)
*	(3.8 7.4478154)	(18,42)
*	(4.0 7.4478154)	(19,42)
*	(4.2 7.4478154)	(20,42)
*	(4.4 7.4478154)	(21,42)
*	(4.6 7.4478154)	(22,42)
*	(4.8 7.4478154)	(23,42)
*	(5.0 7.4478154)	(24,42)
*	(5.2 7.4478154)	(25,42)
*	(5.4 7.4478154)	(26,42)
*	(5.6 7.4478154)	(27,42)
*	(5.8 7.4478154)	(28,42)
x	(0.1 7.6210203)	(0,43)
x	(0.3 7.6210203)	(1,43)
x	(0.5 7.6210203)	(2,43)
*	(0.7 7.6210203)	(3,43)
*	(0.9 7.6210203)	(4,43)
*	(1.1 7.6210203)	(5,43)
*	(1.3 7.6210203)	(6,43)
*	(1.5 7.6210203)	(7,43)
*	(1.7 7.6210203)	(8,43)
*	(1.9 7.6210203)	(9,43)
*	(2.1 7.6210203)	(10,43)
*	(2.3 7.6210203)	(11,43)
*	(2.5 7.6210203)	(12,43)
*	(2.7 7.6210203)	(13,43)
*	(2.9 7.6210203)	(14,43)
*	(3.1 7.6210203)	(15,43)
*	(3.3 7.6210203)	(16,43)
*	(3.5 7.6210203)	(17,43)
*	(3.7 7.6210203)	(18,43)
*	(3.9 7.6210203)	(19,43)
*	(4.1 7.6210203)	(20,43)
*	(4.3 7.6210203)	(21,43)
*	(4.5 7.6210203)	(22,43)
*	(4.7 7.6210203)	(23,43)
*	(4.9 7.6210203)	(24,43)
*	(5.1 7.6210203)	(25,43)
*	(5.3 7.6210203)	(26,43)
*	(5.5 7.6210203)	(27,43)
*	(5.7 7.6210203)	(28,43)
*	(5.9 7.6210203)	(29,43)
x	(0.2 7.7942257)	(0,44)
x	(0.4 7.7942257)	(1,44)
*	(0.6 7.7942257)	(2,44)
*	(0.8 7.7942257)	(3,44)
*	(1.0 7.7942257)	(4,44)
*	(1.2 7.7942257)	(5,44)
*	(1.4 7.7942257)	(6,44)
*	(1.6 7.7942257)	(7,44)
*	(1.8 7.7942257)	(8,44)
*	(2.0 7.7942257)	(9,44)
*	(2.2 7.7942257)	(10,44)
*	(2.4 7.7942257)	(11,44)
*	(2.6 7.7942257)	(12,44)
*	(2.8 7.7942257)	(13,44)
*	(3.0 7.7942257)	(14,44)
*	(3.2 7.7942257)	(15,44)
*	(3.4 7.7942257)	(16,44)
*	(3.6 7.7942257)	(17,44)
*	(3.8 7.7942257)	(18,44)
*	(4.0 7.7942257)	(19,44)
*	(4.2 7.7942257)	(20,44)
*	(4.4 7.7942257)	(21,44)
*	(4.6 7.7942257)	(22,44)
*	(4.8 7.7942257)	(23,44)
*	(5.0 7.7942257)	(24,44)
*	(5.2 7.7942257)	(25,44)
*	(5.4 7.7942257)	(26,44)
*	(5.6 7.7942257)	(27,44)
*	(5.8 7.7942257)	(28,44)
x	(0.1 7.9674306)	(0,45)
x	(0.3 7.9674306)	(1,45)
x	(0.5 7.9674306)	(2,45)
*	(0.7 7.9674306)	(3,45)
*	(0.9 7.9674306)	(4,45)
*	(1.1 7.9674306)	(5,45)
*	(1.3 7.9674306)	(6,45)
*	(1.5 7.9674306)	(7,45)
*	(1.7 7.9674306)	(8,45)
*	(1.9 7.9674306)	(9,45)
*	(2.1 7.9674306)	(10,45)
*	(2.3 7.9674306)	(11,45)
*	(2.5 7.9674306)	(12,45)
*	(2.7 7.9674306)	(13,45)
*	(2.9 7.9674306)	(14,45)
*	(3.1 7.9674306)	(15,45)
*	(3.3 7.9674306)	(16,45)
*	(3.5 7.9674306)	(17,45)
*	(3.7 7.9674306)	(18,45)
*	(3.9 7.9674306)	(19,45)
*	(4.1 7.9674306)	(20,45)
*	(4.3 7.9674306)	(21,45)
*	(4.5 7.9674306)	(22,45)
*	(4.7 7.9674306)	(23,45)
*	(4.9 7.9674306)	(24,45)
*	(5.1 7.9674306)	(25,45)
*	(5.3 7.9674306)	(26,45)
*	(5.5 7.9674306)	(27,45)
*	(5.7 7.9674306)	(28,45)
*	(5.9 7.9674306)	(29,45)
x	(0.2 8.1406355)	(0,46)
x	(0.4 8.1406355)	(1,46)
*	(0.6 8.1406355)	(2,46)
*	(0.8 8.1406355)	(3,46)
*	(1.0 8.1406355)	(4,46)
*	(1.2 8.1406355)	(5,46)
*	(1.4 8.1406355)	(6,46)
*	(1.6 8.1406355)	(7,46)
*	(1.8 8.1406355)	(8,46)
*	(2.0 8.1406355)	(9,46)
*	(2.2 8.1406355)	(10,46)
*	(2.4 8.1406355)	(11,46)
*	(2.6 8.1406355)	(12,46)
*	(2.8 8.1406355)	(13,46)
*	(3.0 8.1406355)	(14,46)
*	(3.2 8.1406355)	(15,46)
*	(3.4 8.1406355)	(16,46)
*	(3.6 8.1406355)	(17,46)
*	(3.8 8.1406355)	(18,46)
*	(4.0 8.1406355)	(19,46)
*	(4.2 8.1406355)	(20,46)
*	(4.4 8.1406355)	(21,46)
*	(4.6 8.1406355)	(22,46)
*	(4.8 8.1406355)	(23,46)
*	(5.0 8.1406355)	(24,46)
*	(5.2 8.1406355)	(25,46)
*	(5.4 8.1406355)	(26,46)
*	(5.6 8.1406355)	(27,46)
*	(5.8 8.1406355)	(28,46)
x	(0.1 8.31384)	(0,47)
x	(0.3 8.31384)	(1,47)
x	(0.5 8.31384)	(2,47)
*	(0.7 8.31384)	(3,47)
*	(0.9 8.31384)	(4,47)
*	(1.1 8.31384)	(5,47)
*	(1.3 8.31384)	(6,47)
*	(1.5 8.31384)	(7,47)
*	(1.7 8.31384)	(8,47)
*	(1.9 8.31384)	(9,47)
*	(2.1 8.31384)	(10,47)
*	(2.3 8.31384)	(11,47)
*	(2.5 8.31384)	(12,47)
*	(2.7 8.31384)	(13,47)
*	(2.9 8.31384)	(14,47)
*	(3.1 8.31384)	(15,47)
*	(3.3 8.31384)	(16,47)
*	(3.5 8.31384)	(17,47)
*	(3.7 8.31384)	(18,47)
*	(3.9 8.31384)	(19,47)
*	(4.1 8.31384)	(20,47)
*	(4.3 8.31384)	(21,47)
*	(4.5 8.31384)	(22,47)
*	(4.7 8.31384)	(23,47)
*	(4.9 8.31384)	(24,47)
*	(5.1 8.31384)	(25,47)
*	(5.3 8.31384)	(26,47)
*	(5.5 8.31384)	(27,47)
*	(5.7 8.31384)	(28,47)
*	(5.9 8.31384)	(29,47)
x	(0.2 8.487045)	(0,48)
x	(0.4 8.487045)	(1,48)
*	(0.6 8.487045)	(2,48)
*	(0.8 8.487045)	(3,48)
*	(1.0 8.487045)	(4,48)
*	(1.2 8.487045)	(5,48)
*	(1.4 8.487045)	(6,48)
*	(1.6 8.487045)	(7,48)
*	(1.8 8.487045)	(8,48)
*	(2.0 8.487045)	(9,48)
*	(2.2 8.487045)	(10,48)
*	(2.4 8.487045)	(11,48)
*	(2.6 8.487045)	(12,48)
*	(2.8 8.487045)	(13,48)
*	(3.0 8.487045)	(14,48)
*	(3.2 8.487045)	(15,48)
*	(3.4 8.487045)	(16,48)
*	(3.6 8.487045)	(17,48)
*	(3.8 8.487045)	(18,48)
*	(4.0 8.487045)	(19,48)
*	(4.2 8.487045)	(20,48)
*	(4.4 8.487045)	(21,48)
*	(4.6 8.487045)	(22,48)
*	(4.8 8.487045)	(23,48)
*	(5.0 8.487045)	(24,48)
*	(5.2 8.487045)	(25,48)
*	(5.4 8.487045)	(26,48)
*	(5.6 8.487045)	(27,48)
*	(5.8 8.487045)	(28,48)
x	(0.1 8.660251)	(0,49)
x	(0.3 8.660251)	(1,49)
x	(0.5 8.660251)	(2,49)
*	(0.7 8.660251)	(3,49)
*	(0.9 8.660251)	(4,49)
*	(1.1 8.660251)	(5,49)
*	(1.3 8.660251)	(6,49)
*	(1.5 8.660251)	(7,49)
*	(1.7 8.660251)	(8,49)
*	(1.9 8.660251)	(9,49)
*	(2.1 8.660251)	(10,49)
*	(2.3 8.660251)	(11,49)
*	(2.5 8.660251)	(12,49)
*	(2.7 8.660251)	(13,49)
*	(2.9 8.660251)	(14,49)
*	(3.1 8.660251)	(15,49)
*	(3.3 8.660251)	(16,49)
*	(3.5 8.660251)	(17,49)
*	(3.7 8.660251)	(18,49)
*	(3.9 8.660251)	(19,49)
*	(4.1 8.660251)	(20,49)
*	(4.3 8.660251)	(21,49)
*	(4.5 8.660251)	(22,49)
*	(4.7 8.660251)	(23,49)
*	(4.9 8.660251)	(24,49)
*	(5.1 8.660251)	(25,49)
*	(5.3 8.660251)	(26,49)
*	(5.5 8.660251)	(27,49)
*	(5.7 8.660251)	(28,49)
*	(5.9 8.660251)	(29,49)
x	(0.2 8.833455)	(0,50)
x	(0.4 8.833455)	(1,50)
x	(0.6 8.833455)	(2,50)
x	(0.8 8.833455)	(3,50)
x	(1.0 8.833455)	(4,50)
x	(1.2 8.833455)	(5,50)
x	(1.4 8.833455)	(6,50)
x	(1.6 8.833455)	(7,50)
x	(1.8 8.833455)	(8,50)
x	(2.0 8.833455)	(9,50)
x	(2.2 8.833455)	(10,50)
x	(2.4 8.833455)	(11,50)
*	(2.6 8.833455)	(12,50)
*	(2.8 8.833455)	(13,50)
*	(3.0 8.833455)	(14,50)
*	(3.2 8.833455)	(15,50)
*	(3.4 8.833455)	(16,50)
*	(3.6 8.833455)	(17,50)
*	(3.8 8.833455)	(18,50)
*	(4.0 8.833455)	(19,50)
*	(4.2 8.833455)	(20,50)
*	(4.4 8.833455)	(21,50)
*	(4.6 8.833455)	(22,50)
*	(4.8 8.833455)	(23,50)
*	(5.0 8.833455)	(24,50)
*	(5.2 8.833455)	(25,50)
*	(5.4 8.833455)	(26,50)
*	(5.6 8.833455)	(27,50)
*	(5.8 8.833455)	(28,50)
x	(0.1 9.00666)	(0,51)
x	(0.3 9.00666)	(1,51)
x	(0.5 9.00666)	(2,51)
x	(0.7 9.00666)	(3,51)
x	(0.9 9.00666)	(4,51)
x	(1.1 9.00666)	(5,51)
x	(1.3 9.00666)	(6,51)
x	(1.5 9.00666)	(7,51)
x	(1.7 9.00666)	(8,51)
x	(1.9 9.00666)	(9,51)
x	(2.1 9.00666)	(10,51)
x	(2.3 9.00666)	(11,51)
x	(2.5 9.00666)	(12,51)
*	(2.7 9.00666)	(13,51)
*	(2.9 9.00666)	(14,51)
*	(3.1 9.00666)	(15,51)
*	(3.3 9.00666)	(16,51)
*	(3.5 9.00666)	(17,51)
*	(3.7 9.00666)	(18,51)
*	(3.9 9.00666)	(19,51)
*	(4.1 9.00666)	(20,51)
*	(4.3 9.00666)	(21,51)
*	(4.5 9.00666)	(22,51)
*	(4.7 9.00666)	(23,51)
*	(4.9 9.00666)	(24,51)
*	(5.1 9.00666)	(25,51)
*	(5.3 9.00666)	(26,51)
*	(5.5 9.00666)	(27,51)
*	(5.7 9.00666)	(28,51)
*	(5.9 9.00666)	(29,51)
x	(0.2 9.179865)	(0,52)
x	(0.4 9.179865)	(1,52)
x	(0.6 9.179865)	(2,52)
x	(0.8 9.179865)	(3,52)
x	(1.0 9.179865)	(4,52)
x	(1.2 9.179865)	(5,52)
x	(1.4 9.179865)	(6,52)
x	(1.6 9.179865)	(7,52)
x	(1.8 9.179865)	(8,52)
x	(2.0 9.179865)	(9,52)
x	(2.2 9.179865)	(10,52)
x	(2.4 9.179865)	(11,52)
*	(2.6 9.179865)	(12,52)
*	(2.8 9.179865)	(13,52)
*	(3.0 9.179865)	(14,52)
*	(3.2 9.179865)	(15,52)
*	(3.4 9.179865)	(16,52)
*	(3.6 9.179865)	(17,52)
*	(3.8 9.179865)	(18,52)
*	(4.0 9.179865)	(19,52)
*	(4.2 9.179865)	(20,52)
*	(4.4 9.179865)	(21,52)
*	(4.6 9.179865)	(22,52)
*	(4.8 9.179865)	(23,52)
*	(5.0 9.179865)	(24,52)
*	(5.2 9.179865)	(25,52)
*	(5.4 9.179865)	(26,52)
*	(5.6 9.179865)	(27,52)
*	(5.8 9.179865)	(28,52)
